235	235	235	235	235	235	235	235	235	235	235	235	235	234	234	234	234	234	234	234	234	226	230	224	237	233	230	227	236	243	220	230	234	237	234	220	238	222	233	230	225	233	232	230	240	232	234	234	233	230	229	232	234	231	231	238	240	236	232	233	231	228	233	229	224	230	230	232	241	233	233	233	233	233	233	233	233	233	233	233	233	233	233	233	233	233	233	233
235	235	235	235	235	235	235	235	235	235	235	235	235	234	234	234	234	234	234	234	233	239	228	228	231	238	246	230	230	239	231	232	226	227	234	233	241	241	236	226	231	243	238	233	244	235	232	229	232	236	236	229	223	227	231	232	227	230	237	241	233	228	238	245	243	239	232	232	237	233	233	233	233	233	233	233	233	233	233	233	233	233	233	233	233	233	233	233
235	235	235	235	235	235	235	235	235	235	235	235	235	234	234	234	234	234	234	234	233	233	223	237	223	220	228	225	237	224	244	243	232	224	230	246	244	218	167	117	110	120	105	80	73	107	106	104	106	121	152	192	220	235	227	230	244	242	223	223	242	242	230	222	225	232	238	235	226	233	233	233	233	233	233	233	233	233	233	233	233	233	233	233	233	233	233	233
235	235	235	235	235	235	235	235	235	235	235	235	235	234	234	234	234	234	234	234	233	244	227	229	234	240	235	230	218	228	239	223	226	220	185	139	75	12	4	3	10	19	24	43	68	33	37	35	25	15	21	43	63	64	154	224	234	233	241	238	227	231	233	242	244	234	229	227	222	233	233	233	233	233	233	233	233	233	233	233	233	233	233	233	233	233	233	233
235	235	235	235	235	235	235	235	235	235	235	235	235	234	234	234	234	234	234	234	233	245	233	219	233	226	219	242	236	236	248	209	146	60	2	15	27	35	24	22	33	45	45	30	12	16	16	17	19	21	23	22	22	54	46	75	162	240	247	225	226	230	229	229	230	232	234	234	233	232	233	233	233	233	233	233	233	233	233	233	233	233	233	233	233	233	233	233
235	235	235	235	235	235	235	235	235	235	235	235	235	234	234	234	234	234	234	234	233	227	230	228	246	224	234	244	233	222	141	41	4	14	29	38	31	19	29	46	50	40	38	38	32	31	25	18	16	22	31	41	47	31	28	26	53	108	147	187	231	233	235	228	226	241	240	233	237	232	233	233	233	233	233	233	233	233	233	233	233	233	233	233	233	233	233	233
235	235	235	235	235	235	235	235	235	235	235	235	235	234	234	234	234	234	234	234	233	233	228	237	230	194	227	163	117	23	26	39	38	31	33	42	64	42	20	15	20	17	18	16	7	12	14	18	21	24	26	28	29	65	39	17	30	44	19	26	78	149	187	207	219	240	229	216	232	232	233	233	233	233	233	233	233	233	233	233	233	233	233	233	233	233	233	233
235	235	235	235	235	235	235	235	235	235	235	235	235	234	234	234	234	234	234	234	233	236	233	235	134	18	70	18	23	39	30	39	23	18	29	23	36	31	17	26	36	20	12	28	43	36	26	19	26	40	42	30	15	21	40	32	26	43	39	23	27	35	39	28	76	183	233	226	232	232	233	233	233	233	233	233	233	233	233	233	233	233	233	233	233	233	233	233
235	235	235	235	235	234	234	234	234	234	234	234	234	243	224	244	237	245	230	225	230	229	240	127	16	25	31	15	43	22	19	45	24	23	20	16	27	29	23	40	29	36	88	74	45	36	39	47	34	36	53	39	20	40	21	22	29	24	27	42	48	27	47	44	34	49	191	239	236	216	231	229	228	233	235	232	240	233	233	233	233	233	233	233	233	233	233	233
235	235	235	235	235	234	234	234	234	234	234	234	234	228	249	222	234	223	238	231	254	231	106	18	20	33	22	18	26	15	7	28	18	26	13	28	43	28	38	21	37	81	41	36	32	40	28	39	45	46	42	32	41	48	27	17	23	26	26	28	27	35	19	38	52	31	48	191	214	229	227	249	235	235	225	242	226	233	233	233	233	233	233	233	233	233	233	233
235	235	235	235	235	234	234	234	234	234	234	234	234	230	224	231	227	236	235	222	207	119	13	1	30	24	12	21	13	28	19	31	27	35	3	23	34	32	41	23	63	32	18	26	38	38	32	55	75	75	50	22	27	34	25	14	17	27	26	22	26	28	30	45	32	36	21	42	186	247	239	227	230	226	235	234	236	233	233	233	233	233	233	233	233	233	233	233
235	235	235	235	235	234	234	234	234	234	234	234	234	228	235	219	236	249	217	214	73	5	13	22	24	23	21	17	12	20	18	23	22	39	8	50	57	36	25	68	21	14	27	53	41	45	43	48	50	65	67	38	27	21	29	25	21	26	22	20	33	11	39	38	55	34	9	31	77	207	248	238	218	230	237	224	233	233	233	233	233	233	233	233	233	233	233	233
235	235	235	235	235	234	234	234	234	234	234	234	234	237	237	240	232	223	240	112	4	13	22	11	11	35	35	14	11	14	18	15	7	22	13	62	69	29	54	39	25	31	80	33	37	26	28	29	35	74	93	55	28	31	42	37	26	26	21	18	28	5	21	57	43	45	3	33	23	66	147	228	218	238	224	237	224	233	233	233	233	233	233	233	233	233	233	233
235	235	235	235	235	234	234	234	234	234	234	234	234	241	224	249	229	231	171	11	16	34	14	12	22	25	26	20	5	21	28	27	16	14	8	29	32	50	41	31	38	70	35	47	26	25	27	37	63	110	112	57	30	37	40	32	24	28	33	32	31	49	2	58	61	22	24	32	29	3	28	124	229	230	230	235	236	233	233	233	233	233	233	233	233	233	233	233
235	235	235	235	235	234	234	234	234	234	234	234	234	224	247	214	226	191	24	21	18	13	10	29	32	12	17	26	8	22	24	31	33	19	20	16	33	54	31	20	68	37	22	37	30	50	46	47	63	101	99	59	56	31	31	30	23	23	37	46	42	43	66	11	53	44	25	19	42	43	16	37	151	217	236	222	237	233	233	233	233	233	233	233	233	233	233	233
235	235	235	235	235	234	234	234	234	234	234	234	234	234	230	245	184	44	10	12	22	10	11	14	18	24	26	23	21	43	29	30	35	16	28	23	62	35	24	35	27	47	41	12	27	21	37	49	59	89	86	52	54	33	35	40	28	11	24	43	41	44	30	53	40	12	18	22	16	21	21	16	0	207	224	240	227	233	233	233	233	233	233	233	233	233	233	233
234	234	234	234	234	233	232	237	234	232	240	238	231	233	242	208	52	3	29	27	25	18	15	10	43	26	9	23	59	36	51	30	49	27	43	73	39	40	51	35	22	24	25	32	34	21	50	45	49	107	83	36	33	33	42	32	35	30	14	25	44	41	18	57	66	37	26	23	34	21	27	20	5	64	230	231	230	224	227	232	235	245	230	243	226	232	232	232
234	234	234	234	233	229	231	235	233	230	232	232	231	242	205	108	1	5	27	21	10	11	24	24	39	35	35	51	61	50	73	55	51	35	61	70	24	28	44	55	46	33	21	30	61	30	44	50	57	109	75	38	37	37	53	28	38	40	43	33	36	43	27	40	62	60	29	25	21	31	33	16	27	20	124	234	222	229	232	241	232	232	224	237	225	232	232	232
234	234	234	234	233	232	236	236	234	229	223	227	231	210	79	2	19	28	12	31	16	29	42	42	41	49	55	77	75	80	72	55	53	48	62	56	44	54	46	57	49	38	28	32	81	45	41	56	63	102	63	50	54	32	62	39	56	53	57	39	49	55	46	28	52	81	42	36	18	45	21	39	14	22	8	194	229	231	230	245	231	224	227	234	227	232	232	232
234	234	234	234	233	229	235	233	236	236	235	248	246	106	35	14	30	17	18	39	9	69	69	64	55	63	56	88	96	98	73	67	64	65	68	53	67	75	50	58	48	50	53	44	92	62	52	71	63	84	54	68	73	29	59	48	64	73	63	50	64	62	59	34	31	75	53	38	22	33	32	28	25	14	9	79	227	233	225	238	232	230	237	234	231	232	232	232
234	234	234	234	233	234	237	228	229	225	230	238	208	18	36	23	6	23	23	13	59	92	93	89	75	74	64	98	109	89	85	95	72	75	90	73	75	76	63	79	68	74	83	66	97	80	76	94	75	72	53	74	71	36	61	58	53	85	79	75	60	56	62	54	24	56	61	34	27	18	35	26	19	25	26	10	143	234	229	227	229	234	239	230	232	232	232	232
234	234	234	234	233	238	239	230	229	220	231	223	140	0	7	3	12	32	23	15	93	97	112	109	94	85	81	106	111	100	88	104	92	99	110	113	121	106	93	90	79	91	100	80	87	93	93	106	95	80	67	73	64	43	77	88	55	77	79	94	62	60	78	88	55	53	73	48	45	19	30	41	8	37	10	22	26	209	240	224	225	231	232	227	230	232	232	232
234	234	234	234	233	227	232	233	239	231	250	222	86	6	28	20	24	17	36	52	58	119	125	112	111	93	84	97	107	112	87	105	116	124	117	128	127	107	96	79	75	92	94	83	83	96	88	90	103	96	94	86	78	69	97	110	80	68	64	91	75	70	91	98	89	49	66	63	64	32	44	27	44	13	23	20	1	137	236	229	226	228	227	231	229	232	232	232
234	234	234	234	233	229	234	236	238	218	230	180	2	7	47	9	33	44	35	57	88	152	133	105	123	98	73	78	105	83	82	108	110	109	99	92	41	53	68	70	84	90	78	84	98	90	73	64	102	108	118	103	104	109	103	101	103	75	60	81	80	69	88	81	95	32	40	65	66	52	37	39	45	31	22	16	18	65	224	235	232	231	229	240	232	232	232	232
234	234	234	234	233	239	227	236	222	238	217	36	12	19	7	24	54	63	97	79	96	164	116	145	113	97	77	91	105	66	90	156	146	55	59	57	25	39	49	58	57	53	59	82	102	65	58	67	73	91	92	109	118	132	97	93	79	62	54	74	66	53	97	83	85	46	59	56	79	63	43	41	50	37	17	19	14	1	151	223	240	223	224	240	232	233	233	233
234	234	234	234	233	232	237	224	244	233	157	18	21	15	21	22	94	67	140	95	141	173	138	142	80	74	98	104	79	76	162	184	94	43	37	24	22	41	54	49	36	56	102	126	121	70	60	85	72	116	108	145	147	201	121	92	96	93	68	78	81	77	79	82	82	106	48	71	55	63	75	38	54	27	23	30	20	14	105	219	232	230	234	235	230	233	233	233
233	233	233	233	232	231	232	235	240	229	57	14	23	24	17	45	80	88	138	119	163	191	144	207	68	157	113	165	80	184	211	175	97	110	83	40	37	84	101	100	94	124	172	184	161	150	141	158	134	162	147	171	162	151	116	108	101	100	98	110	96	104	87	70	102	140	91	101	50	71	80	34	56	45	16	35	32	20	48	214	234	228	228	225	240	232	232	232
233	233	233	233	232	236	228	242	231	172	1	15	23	29	29	50	74	91	156	143	185	209	205	210	202	191	218	196	172	228	215	214	211	222	211	213	221	209	215	219	222	229	232	228	219	226	230	227	219	209	202	190	179	134	157	176	150	149	170	185	154	120	120	111	128	147	141	152	102	19	71	83	49	48	16	55	48	24	8	173	235	227	227	224	241	232	232	232
232	232	232	232	231	238	236	228	228	69	11	12	26	38	33	89	56	150	169	204	206	227	213	222	229	229	230	227	229	232	232	237	240	219	232	241	233	238	235	236	239	237	230	229	234	229	236	235	235	230	232	224	217	220	217	220	207	213	219	225	204	147	159	200	159	166	157	189	170	69	50	58	46	75	43	46	57	33	2	96	222	232	239	230	226	231	231	231
232	232	232	232	231	238	232	230	187	19	27	21	31	40	76	83	111	155	207	206	211	224	214	212	226	229	233	226	226	232	240	220	228	230	245	238	225	231	230	230	233	238	240	240	239	226	225	235	225	236	231	237	233	234	225	224	219	230	226	227	217	196	197	225	204	190	192	189	200	191	104	52	56	65	61	28	52	25	6	40	205	227	234	232	226	231	231	231
232	232	232	232	231	230	226	232	138	27	27	29	42	50	88	97	124	182	187	208	201	219	224	223	235	238	241	231	224	234	244	234	242	245	234	235	242	235	240	242	239	238	237	233	224	240	233	238	230	238	227	234	233	216	226	235	226	233	231	233	225	227	222	207	224	210	217	189	202	199	205	166	106	39	52	45	46	12	19	15	180	221	225	228	235	230	230	230
230	230	230	230	230	216	236	214	128	30	39	19	56	49	94	89	142	189	183	212	218	212	220	228	228	239	229	236	233	229	228	237	245	249	240	250	233	226	231	238	241	238	235	240	246	236	238	231	245	235	239	228	237	239	237	239	232	237	222	222	222	224	224	217	206	228	197	211	208	192	201	206	191	118	48	46	48	15	24	2	153	223	230	224	231	229	229	229
219	219	219	219	219	214	225	198	68	48	43	42	65	63	89	102	151	171	183	193	214	214	217	222	227	231	232	233	233	229	232	238	243	246	247	248	247	241	241	240	240	239	239	239	239	241	241	241	242	242	243	243	243	243	242	239	236	233	231	229	229	218	218	216	216	215	214	213	212	199	201	198	189	155	56	53	37	18	25	11	128	213	216	214	216	219	219	220
210	210	210	210	210	213	212	180	63	51	58	61	75	70	92	110	144	174	175	194	209	213	217	222	226	231	232	232	233	230	233	238	243	246	247	248	247	241	241	240	240	239	239	239	239	241	241	242	243	243	243	244	244	245	244	242	239	236	233	230	230	220	218	218	217	216	215	215	214	203	202	201	191	157	74	55	37	26	23	13	135	218	208	204	212	212	212	212
196	196	196	196	196	206	202	175	76	64	77	87	95	81	99	120	140	176	169	194	203	213	217	222	226	231	232	232	233	230	233	238	243	246	246	247	246	241	241	240	240	239	239	239	239	240	241	242	242	243	243	243	243	246	245	244	241	238	235	232	230	220	219	218	217	216	216	215	215	208	204	206	194	161	101	61	40	30	25	16	121	199	194	193	197	199	199	199
180	180	180	180	180	179	183	166	85	64	75	90	98	88	109	124	143	172	171	191	200	213	217	222	227	231	232	233	233	231	234	239	242	245	245	245	244	241	241	240	240	239	239	239	239	240	240	241	242	242	243	243	243	247	246	245	243	240	236	232	230	220	220	219	218	217	216	215	215	212	206	208	195	164	124	70	44	29	29	19	90	163	179	185	175	181	181	182
169	169	169	169	169	170	174	148	79	60	72	88	93	87	117	124	153	168	180	190	200	213	217	223	227	231	232	233	233	232	235	239	242	244	244	243	242	241	241	240	240	239	239	239	239	239	240	241	241	242	242	242	243	245	245	245	244	241	237	232	228	221	221	219	218	217	217	216	215	213	208	206	192	167	134	80	50	35	30	25	82	150	167	177	163	166	167	167
163	163	163	163	163	178	172	123	63	56	76	88	93	82	118	125	159	171	189	193	200	214	217	223	227	231	232	233	233	233	236	239	242	243	243	242	240	241	241	240	240	239	239	239	239	239	239	240	241	241	242	242	242	241	242	244	244	241	235	230	225	221	221	220	219	218	217	216	215	211	207	201	187	170	129	90	56	48	25	32	98	162	160	167	162	158	158	159
161	161	161	161	161	165	163	103	47	51	70	79	92	73	112	131	158	181	192	201	201	214	218	223	227	231	232	233	233	234	237	240	242	243	242	241	239	241	241	240	240	239	239	239	239	239	239	240	241	241	241	242	242	237	239	242	242	240	233	227	221	222	221	221	220	218	217	218	215	208	206	194	181	170	115	98	61	53	25	39	101	163	157	164	160	158	158	159
161	161	161	161	162	152	164	107	54	56	70	81	103	69	106	135	154	190	193	208	202	214	218	223	227	231	233	233	234	236	237	240	242	242	241	241	238	241	241	240	240	239	239	239	239	238	239	240	240	241	241	241	242	235	237	241	241	239	232	225	219	222	221	221	220	218	218	218	216	206	205	190	177	170	105	103	64	51	27	41	87	148	155	166	153	161	161	161
162	162	162	162	162	170	158	110	57	40	77	59	79	61	93	136	171	194	204	201	196	216	218	220	223	228	234	238	240	236	238	242	245	247	247	247	246	243	242	242	241	240	240	239	239	241	241	242	242	242	242	242	242	240	241	242	243	240	237	233	230	229	224	220	220	222	221	217	210	209	198	186	179	171	113	91	60	58	49	62	100	157	156	169	162	161	161	160
162	162	162	162	162	166	159	112	40	30	65	57	83	65	97	141	178	199	205	202	200	206	213	223	233	237	236	233	229	240	241	245	245	247	246	244	242	243	242	242	242	241	241	241	240	242	242	243	243	243	243	243	243	241	243	242	241	238	235	230	226	229	224	220	220	222	221	217	210	207	195	185	180	171	119	93	60	56	49	61	111	158	157	165	162	160	160	160
161	161	161	161	161	165	166	120	25	29	59	62	88	71	102	149	187	204	206	203	204	211	215	224	230	234	234	234	232	237	239	243	245	247	247	245	244	242	242	242	242	242	242	242	242	243	243	244	244	244	244	244	244	245	245	244	242	238	233	227	224	230	224	220	220	222	221	216	210	203	192	184	181	173	129	95	61	54	50	62	128	158	160	158	160	161	161	160
161	161	161	161	161	167	174	131	21	41	65	69	89	71	106	156	192	205	203	201	205	216	220	225	230	233	234	236	236	239	242	246	249	252	252	252	251	241	241	241	242	242	243	243	243	244	244	244	244	244	244	244	245	249	249	249	245	240	234	228	225	229	224	220	220	222	221	216	211	199	189	182	182	175	141	98	61	54	52	65	144	158	161	153	158	159	160	159
161	161	161	161	161	163	171	133	22	51	74	70	77	68	110	163	194	203	201	200	202	210	217	224	230	232	231	229	226	241	243	246	248	250	249	249	247	237	238	239	240	241	242	243	243	243	243	244	244	244	244	244	244	251	252	251	248	243	238	231	228	229	224	220	220	221	220	217	211	198	188	182	184	177	152	98	58	54	55	71	155	157	161	152	157	158	159	158
160	160	160	160	161	156	161	129	26	50	72	65	65	67	117	172	197	201	202	202	200	225	225	222	221	223	228	234	238	241	242	245	245	245	243	240	237	233	233	234	236	238	239	240	241	240	240	241	241	241	241	241	241	250	251	249	248	243	238	233	230	230	224	220	220	221	220	217	211	199	189	184	186	179	161	97	54	55	59	81	159	155	159	154	155	157	158	158
160	160	160	160	161	157	159	130	35	44	69	66	68	67	127	183	201	202	207	207	200	216	207	192	182	184	197	215	227	221	223	228	231	235	235	234	233	228	229	230	232	234	236	238	239	238	238	239	239	239	239	239	239	243	244	244	243	239	236	232	229	230	224	220	220	222	221	217	211	201	191	186	188	180	169	96	49	57	62	90	158	153	156	159	153	156	157	157
160	160	160	160	161	163	163	135	45	40	70	73	78	69	134	191	205	204	212	212	201	151	142	129	120	121	134	149	160	173	178	185	194	204	210	213	214	225	225	227	230	232	234	236	237	236	237	237	237	237	237	237	236	235	237	237	237	235	234	230	227	231	225	221	221	223	222	217	212	203	193	188	190	180	172	93	45	58	64	96	156	152	154	162	152	157	157	157
160	161	161	161	162	168	152	149	40	38	54	83	67	71	161	198	200	205	213	206	146	62	82	49	94	87	83	85	68	71	66	70	72	93	88	113	143	158	175	199	213	218	220	226	234	239	234	229	228	229	228	225	221	214	222	209	222	229	214	224	230	209	205	197	181	168	175	203	228	207	201	194	177	189	166	90	45	56	52	100	164	155	160	153	157	156	157	157
161	161	161	162	162	152	165	141	31	42	76	77	63	73	171	204	207	202	200	182	136	107	119	130	91	56	78	41	54	57	48	30	28	32	39	55	85	115	136	168	191	204	214	223	233	229	227	224	219	215	213	212	211	186	188	159	150	156	155	171	175	147	151	166	165	130	103	114	139	163	187	212	198	188	160	71	40	54	54	115	161	156	159	151	158	156	157	157
161	161	162	162	161	152	169	131	14	52	83	73	62	65	177	205	218	208	201	181	162	175	158	139	147	129	79	48	66	31	42	34	44	36	43	39	60	96	116	145	167	183	198	216	229	219	221	219	210	195	185	181	181	165	155	106	65	51	42	40	32	57	91	120	106	76	72	68	42	60	115	183	190	175	156	57	50	52	61	136	160	158	158	147	159	156	157	157
161	162	162	162	162	181	193	177	49	60	64	83	96	71	188	203	215	198	188	167	172	178	220	187	181	185	167	178	149	141	130	94	74	62	61	49	55	77	98	127	150	165	181	199	211	216	217	214	201	182	159	141	132	127	112	68	34	27	26	24	24	35	21	36	69	74	74	82	82	48	92	164	188	176	156	42	55	51	73	156	157	159	157	144	159	155	156	156
162	162	163	163	162	218	219	212	114	65	75	86	87	82	193	198	206	195	189	176	195	193	195	193	192	203	193	177	175	172	181	178	146	125	92	84	88	69	92	123	149	164	176	191	202	205	204	201	192	174	146	117	99	108	88	60	44	46	49	51	68	58	71	77	68	79	123	140	118	106	109	151	183	187	162	38	57	52	94	167	156	159	157	145	159	156	156	156
162	163	163	163	161	192	213	226	189	68	81	67	72	93	193	195	200	203	203	199	214	189	200	169	136	103	110	142	150	141	121	104	84	105	99	107	111	102	114	128	138	148	163	184	201	192	190	186	180	167	143	115	96	91	84	84	87	100	105	108	133	124	129	146	164	161	144	146	166	143	123	133	163	188	159	46	61	56	118	167	155	156	158	150	157	155	155	155
163	163	163	164	162	132	153	213	224	116	81	58	92	116	200	201	195	204	200	194	189	195	130	83	141	148	125	91	55	48	80	109	108	89	65	82	120	122	123	125	122	124	141	167	188	191	187	180	169	154	135	117	108	113	111	110	94	90	91	87	109	121	151	160	162	181	187	180	182	174	159	149	159	187	147	48	49	59	141	162	154	152	158	156	154	155	155	155
163	163	164	164	162	137	59	106	185	202	132	65	58	123	200	206	199	217	211	207	188	161	117	140	88	38	97	37	38	11	14	19	67	98	111	94	100	110	117	126	130	135	146	167	183	199	195	182	163	142	124	116	114	127	124	113	77	73	98	116	149	154	133	96	104	151	164	161	181	179	179	167	161	186	139	53	44	62	153	155	154	150	158	160	152	155	155	155
161	153	153	165	175	155	66	109	142	157	190	89	62	137	204	203	200	209	203	213	205	157	131	87	78	133	175	122	30	24	53	31	174	199	68	100	119	118	118	127	142	153	162	180	198	212	211	199	178	161	150	137	126	126	97	104	117	110	64	45	107	70	89	136	167	89	96	155	158	170	179	178	162	192	113	42	54	102	190	213	180	148	153	140	153	154	155	155
161	153	154	165	173	156	102	173	195	176	190	128	61	139	201	206	212	221	207	205	190	210	211	201	190	198	213	200	171	125	115	174	206	203	145	75	125	158	154	156	163	170	177	196	214	217	217	210	191	175	165	152	140	129	145	117	92	76	27	17	63	47	28	61	74	149	128	69	146	176	172	191	185	191	128	35	39	157	219	207	184	158	159	162	157	154	155	155
161	155	155	164	171	166	136	207	222	201	189	174	48	164	204	200	209	221	212	214	207	206	213	222	229	229	225	227	232	227	205	220	212	226	215	144	146	205	197	194	194	195	198	215	232	231	229	219	200	188	183	177	167	172	97	77	163	159	52	11	16	32	63	196	103	19	95	146	127	162	179	190	189	202	109	16	113	218	218	166	165	155	149	168	157	154	154	154
161	156	157	163	168	170	157	205	217	194	150	181	59	192	208	198	206	221	220	228	231	230	219	217	228	233	230	228	232	215	232	208	213	228	226	235	229	228	221	218	218	216	215	225	240	243	238	222	201	192	195	199	197	184	164	136	180	200	109	45	62	58	141	187	155	71	56	85	144	166	193	195	184	199	106	69	198	190	147	114	144	153	144	155	153	154	154	154
161	158	158	163	165	169	184	207	204	156	80	154	106	198	208	204	214	225	220	220	219	210	207	203	198	194	194	203	213	213	201	202	189	190	192	182	201	226	223	225	229	226	222	227	237	245	240	223	202	195	204	212	212	202	192	216	215	199	209	209	201	191	209	169	169	156	164	181	172	187	189	200	179	174	126	166	168	98	76	115	148	161	161	151	152	154	154	154
161	160	160	162	162	183	211	210	192	129	59	139	139	201	205	208	214	218	212	208	205	175	187	190	177	161	152	151	151	150	124	138	151	173	190	182	208	222	221	227	232	230	223	225	234	241	238	225	208	202	209	215	214	211	198	192	180	200	202	179	214	219	200	214	216	226	206	200	188	194	193	199	183	185	123	172	131	72	91	162	158	152	165	153	154	153	153	153
161	161	161	161	160	188	214	208	190	125	103	156	146	200	204	211	212	212	215	218	220	226	231	229	216	200	185	163	146	149	159	166	184	186	188	223	240	230	227	230	233	230	223	227	237	241	239	227	211	205	212	217	216	201	193	194	174	148	162	183	184	203	193	218	197	195	199	205	205	205	206	203	194	202	122	156	171	120	141	183	155	144	150	155	155	153	153	153
161	162	162	161	159	175	205	212	197	124	146	183	149	188	198	216	221	223	233	238	239	239	237	231	225	224	222	215	207	208	204	217	216	224	238	238	239	240	237	235	234	230	225	232	244	246	242	226	209	203	212	220	222	223	226	204	202	179	140	136	126	148	176	170	186	190	204	207	217	219	195	202	190	168	136	185	200	156	158	163	152	155	142	155	154	153	153	153
160	160	160	160	160	154	209	231	211	167	192	184	135	191	201	206	212	227	231	231	239	242	243	241	241	240	239	238	238	237	239	243	245	245	240	233	226	238	237	233	226	223	226	237	245	247	238	223	210	205	209	216	223	232	229	226	224	217	203	184	170	144	141	145	158	170	176	187	198	216	203	207	185	169	123	157	200	190	181	155	143	153	155	149	153	151	151	151
159	159	159	159	159	156	197	224	220	179	201	175	135	192	202	206	212	227	231	231	240	243	244	243	242	241	241	240	240	239	239	240	239	240	237	234	232	238	236	232	227	223	227	237	245	247	239	225	211	206	208	214	220	227	226	227	230	231	225	214	206	205	203	202	207	210	213	217	222	218	207	205	185	176	125	167	196	191	175	155	148	153	153	149	152	151	150	150
159	159	159	159	159	158	178	215	225	197	213	171	133	193	203	207	214	228	232	231	238	243	243	243	242	241	240	239	239	239	237	234	232	233	235	237	237	235	233	232	227	223	226	237	243	248	241	226	213	205	206	212	216	230	230	230	233	236	235	231	227	234	234	231	227	225	226	227	224	219	213	206	185	181	125	186	199	188	165	152	154	152	149	150	152	151	150	150
159	159	159	159	159	161	164	209	213	210	221	180	134	196	206	208	215	228	231	231	238	243	243	242	241	240	239	239	239	237	234	234	233	234	236	237	238	232	231	231	227	224	227	236	241	247	241	228	214	207	206	209	212	228	227	228	229	231	234	235	234	235	238	237	230	228	231	230	226	220	219	206	182	176	125	204	210	182	155	150	159	152	147	150	151	151	150	150
158	158	158	158	158	164	157	204	194	219	223	199	138	198	208	212	216	230	232	230	236	242	242	241	241	239	239	238	237	232	234	236	238	238	237	235	234	227	229	229	227	226	228	236	240	246	239	229	216	208	207	209	212	219	220	224	226	231	235	240	244	235	240	240	234	233	235	233	228	220	222	206	180	167	131	216	220	174	149	149	159	152	145	149	150	150	149	149
158	158	158	158	158	162	156	190	188	222	221	214	147	201	211	213	218	230	232	229	236	241	241	241	239	239	238	237	237	231	232	234	235	236	233	231	228	224	227	228	228	227	229	236	241	244	238	229	217	210	209	210	213	225	228	231	232	233	234	238	243	240	242	242	238	233	231	227	222	217	218	204	182	162	150	218	218	162	149	149	157	153	147	147	149	150	149	149
157	157	157	157	157	157	156	169	204	227	220	215	155	204	213	215	219	231	231	229	235	241	240	239	239	238	238	237	236	232	230	227	224	223	223	223	223	221	225	229	228	228	231	237	241	242	237	228	218	212	211	213	215	225	228	233	234	232	231	234	238	246	244	244	244	240	231	226	224	211	207	200	187	167	176	215	205	150	151	150	151	154	149	145	148	149	148	148
157	157	157	157	157	153	157	153	220	229	220	212	161	204	213	216	219	231	231	228	234	239	239	239	239	238	237	236	235	233	229	220	214	211	213	217	221	220	225	229	230	228	231	238	243	242	237	228	219	214	213	216	217	209	217	225	229	231	234	238	243	240	236	238	242	240	230	226	227	207	199	196	193	174	195	210	191	144	153	151	147	155	151	143	148	149	148	148
157	157	157	157	158	169	152	164	214	229	226	217	168	205	212	220	223	223	222	226	229	219	238	242	228	224	232	229	216	219	213	194	194	210	216	225	236	221	220	220	222	227	235	244	247	245	243	233	217	213	217	221	218	219	217	206	208	227	233	231	236	233	234	238	239	237	232	226	221	216	209	202	212	165	197	171	159	152	153	152	153	153	151	152	151	150	149	149
157	157	157	157	158	164	152	158	200	220	223	224	193	203	209	216	220	220	220	223	227	235	229	227	227	219	209	208	214	202	163	163	189	207	222	230	233	241	238	232	226	227	231	239	244	247	246	233	218	212	217	221	218	219	207	193	195	214	221	224	235	230	231	234	234	231	227	223	220	218	209	198	204	162	198	173	157	152	152	153	153	152	151	152	150	150	149	149
157	157	157	157	158	163	155	150	170	184	184	188	181	200	204	211	215	216	217	219	221	226	228	223	213	208	204	190	172	123	100	149	187	192	219	233	236	239	237	232	227	229	233	240	244	247	245	231	214	208	215	221	219	224	206	173	162	183	200	209	221	223	226	227	227	224	221	219	219	219	210	196	197	164	200	174	154	152	152	153	153	152	152	151	150	150	149	149
156	156	156	156	156	161	159	147	148	155	149	148	159	195	198	203	208	211	211	212	213	207	214	211	197	191	182	149	114	110	125	186	194	185	217	232	237	241	240	238	234	234	234	237	238	245	242	230	214	211	220	227	227	225	210	173	141	137	149	174	204	214	216	220	219	217	216	218	220	215	210	198	197	173	202	172	150	152	153	153	153	153	151	151	150	150	149	149
156	156	156	156	156	155	159	154	151	158	151	148	170	194	194	198	201	204	204	203	202	212	199	192	188	164	127	104	101	121	150	176	160	163	195	209	227	233	231	229	228	228	232	238	240	232	231	220	207	205	215	222	223	215	205	182	156	120	94	124	184	196	203	211	214	212	212	215	219	208	206	200	200	181	199	166	147	151	152	153	152	152	151	150	149	150	149	149
155	155	155	155	155	153	156	160	157	162	158	154	177	194	193	193	195	198	198	193	189	197	185	168	141	106	84	91	111	142	175	182	176	180	188	200	218	218	217	216	217	222	228	234	236	225	225	216	203	201	207	211	209	205	183	170	176	151	98	95	140	172	184	198	205	205	204	209	214	201	199	197	196	180	184	155	148	152	152	152	152	152	150	150	149	150	149	149
155	155	155	155	155	157	153	160	155	155	155	150	171	196	193	191	191	193	191	184	178	158	148	122	90	77	92	118	134	173	199	196	197	185	173	172	138	166	173	187	202	213	217	218	216	223	223	215	200	192	192	190	185	177	171	166	178	180	146	108	97	145	162	183	193	196	196	200	204	196	191	187	184	166	163	145	154	152	152	152	152	151	150	150	148	150	149	149
157	156	156	155	155	161	150	159	154	153	159	157	176	198	193	188	187	188	185	180	173	155	115	87	95	116	134	159	184	214	219	199	203	199	203	194	92	45	71	114	159	191	207	211	209	201	200	192	175	164	158	151	143	136	177	188	174	178	175	135	88	128	148	172	187	189	188	192	196	191	183	178	172	153	147	137	160	151	152	152	151	150	151	150	149	149	149	149
157	158	158	159	161	160	155	160	158	155	144	141	171	189	189	182	172	175	184	175	148	127	98	69	97	151	170	182	206	212	207	209	198	220	198	212	180	76	43	26	53	117	167	176	163	170	173	155	126	96	58	42	60	149	179	185	188	184	170	155	119	68	134	145	161	169	175	180	176	167	162	169	164	145	147	154	147	154	154	153	153	151	152	153	153	149	148	147
152	152	151	148	149	156	139	136	130	119	97	94	131	188	184	179	178	181	180	170	153	128	60	79	120	115	144	188	190	204	197	201	202	208	202	208	189	188	131	62	30	44	83	117	131	124	105	73	49	35	33	71	131	179	190	180	179	179	173	166	139	76	89	136	150	158	168	170	165	164	158	163	161	145	146	155	151	154	154	153	152	151	151	153	152	150	148	147
156	151	145	140	137	138	109	95	89	80	58	55	98	187	181	177	179	182	176	169	166	111	50	65	84	82	114	151	171	187	193	213	220	200	207	213	221	200	179	140	92	53	38	42	51	46	39	34	43	69	98	139	181	184	191	187	189	185	171	164	150	105	56	120	143	151	162	155	150	158	152	155	154	144	144	151	151	154	154	153	150	150	149	151	152	150	149	149
153	146	137	129	123	112	80	61	56	62	53	48	76	179	182	175	170	172	173	173	179	138	82	73	77	102	142	168	205	214	202	208	214	209	220	210	207	216	207	182	138	87	47	32	29	25	49	84	114	153	185	192	186	187	193	195	190	172	151	150	155	141	69	95	137	152	157	138	141	151	148	149	151	147	146	149	150	154	153	151	150	149	149	150	151	150	150	149
133	130	124	115	111	102	83	69	61	72	70	51	55	155	177	175	162	165	174	177	183	166	77	57	65	57	69	87	106	118	126	142	143	158	170	186	197	189	185	181	176	164	142	114	93	100	140	178	190	194	208	210	200	203	196	190	174	149	129	128	142	151	100	58	130	157	153	131	143	154	156	151	147	151	152	153	154	153	152	151	149	148	148	148	149	150	151	150
120	121	117	109	105	91	89	87	71	67	59	33	31	124	163	173	161	167	174	175	182	198	129	82	82	66	24	10	11	13	44	55	52	72	70	95	110	140	143	146	149	150	150	152	154	160	164	179	184	174	169	169	165	192	182	184	179	166	143	116	112	132	120	46	130	162	150	137	152	162	165	147	131	138	150	157	158	152	151	149	148	147	147	148	149	149	150	149
111	111	104	92	86	63	75	85	62	37	20	17	46	105	146	162	160	169	168	169	187	195	179	127	127	139	100	50	11	25	86	60	75	99	83	60	37	40	64	97	116	123	128	137	147	163	143	139	143	139	137	131	117	128	118	129	133	135	129	103	97	120	131	73	146	169	150	150	156	161	162	126	91	101	129	145	151	151	150	149	148	148	148	147	147	148	149	148
102	95	81	64	53	58	76	91	65	27	11	37	102	100	137	152	157	166	161	166	198	191	180	161	173	169	191	168	15	14	143	150	197	204	186	169	169	170	150	121	99	91	100	113	121	117	101	85	65	52	66	75	60	48	27	24	18	27	52	68	94	124	139	113	168	175	150	159	156	154	151	101	54	65	104	130	140	151	150	149	148	148	148	148	147	147	147	147
86	101	100	81	74	85	98	107	69	15	23	83	125	120	83	128	143	143	154	166	188	208	195	187	187	193	196	195	190	23	187	233	219	238	241	195	229	225	194	201	196	146	116	124	156	157	137	141	156	124	189	149	82	82	15	14	19	93	137	139	95	123	146	167	172	170	166	156	147	155	130	48	44	91	102	114	128	145	141	143	150	152	148	148	153	149	142	136
91	108	106	84	70	78	105	101	46	17	56	108	122	103	68	108	127	154	144	145	175	198	198	193	193	200	203	204	208	191	109	189	232	234	229	211	248	236	213	235	241	228	214	231	245	231	187	233	219	185	240	203	193	90	18	96	176	194	162	168	154	143	160	177	180	170	157	147	145	148	86	45	57	79	83	95	125	133	127	124	129	137	144	148	150	151	149	148
101	105	101	88	69	81	105	77	23	37	101	128	113	87	70	66	109	133	135	130	167	190	204	200	197	205	205	205	218	229	185	204	188	224	240	250	236	243	213	240	242	242	232	242	243	238	239	238	223	225	229	200	226	104	143	209	204	203	184	175	155	164	175	182	178	163	149	142	143	119	49	54	72	62	66	77	103	117	121	124	123	123	121	119	112	132	138	146
106	88	89	90	70	77	101	70	28	61	119	126	107	68	78	23	127	103	131	132	152	186	210	204	196	206	204	198	211	213	241	216	171	224	206	233	246	249	226	249	237	236	226	248	250	245	226	230	245	214	220	225	202	153	204	221	186	195	186	179	179	173	177	174	160	151	146	138	130	80	56	75	76	53	59	67	68	98	113	121	114	105	98	92	84	109	117	132
99	72	81	90	62	56	100	87	48	73	114	111	93	56	63	11	175	122	118	142	135	173	200	198	189	203	203	195	204	208	206	241	206	173	116	92	151	198	185	233	236	245	236	242	231	244	234	246	239	207	228	154	162	183	181	201	205	198	192	197	175	171	176	165	145	141	142	119	90	66	91	87	76	61	52	60	51	77	86	89	85	87	93	97	93	84	91	107
87	68	82	84	51	51	98	88	56	84	120	99	60	69	39	19	197	162	109	146	138	155	183	191	187	198	206	201	206	203	191	193	200	225	230	187	137	52	79	160	172	161	154	190	214	208	150	127	115	45	127	166	177	176	195	196	189	192	196	194	165	170	171	158	138	134	127	90	46	77	111	90	83	78	52	56	53	57	56	58	67	82	94	94	85	74	78	92
83	71	73	70	48	53	85	81	66	91	113	85	48	74	30	41	197	187	138	136	142	146	179	197	193	193	201	206	205	196	219	188	197	213	211	240	234	217	157	131	103	81	69	53	34	74	125	134	190	186	188	182	168	182	198	180	190	206	185	180	199	171	160	143	132	125	108	69	37	84	103	103	99	92	73	57	49	44	42	47	60	72	75	75	73	97	100	106
88	74	60	56	54	47	73	87	87	88	79	68	69	57	35	64	200	197	185	118	129	149	184	209	202	188	194	203	201	207	184	206	194	191	204	221	225	222	209	220	223	204	200	200	207	234	218	210	185	173	180	154	177	180	186	197	213	189	183	193	165	173	149	129	124	117	94	66	52	78	87	118	112	101	100	63	38	36	38	44	50	50	52	68	87	113	114	117
71	72	70	61	52	28	52	75	64	84	81	72	45	59	35	68	195	188	200	150	127	156	177	199	206	203	200	200	201	194	198	202	199	192	187	188	193	214	214	214	216	219	224	229	231	225	216	194	172	160	164	179	189	180	191	201	198	192	191	185	179	155	138	131	120	90	74	67	48	83	96	103	106	108	105	84	59	23	28	34	35	38	53	80	101	111	109	110
56	65	75	76	74	34	41	63	71	80	62	69	76	88	56	72	193	195	202	170	133	150	171	194	206	208	204	203	204	198	194	191	192	195	192	181	173	187	190	193	196	197	197	196	196	203	194	183	174	173	179	187	192	184	193	202	202	202	199	188	175	143	145	126	93	73	68	60	46	71	89	102	105	111	114	102	81	37	31	30	37	46	57	79	98	94	101	109
36	50	65	69	68	40	32	48	67	77	64	80	98	100	73	71	188	190	188	181	145	143	160	184	203	212	210	207	207	202	191	182	183	189	189	178	166	165	167	170	172	172	170	167	165	174	171	168	169	175	182	185	185	186	194	202	204	205	201	183	163	136	134	103	59	53	63	48	30	52	77	95	96	101	109	104	88	64	45	26	28	50	73	85	82	78	87	100
39	49	57	51	42	42	33	41	60	83	97	103	94	102	86	68	198	189	180	190	172	141	150	172	198	214	215	211	211	206	195	181	173	171	172	168	164	153	152	152	152	154	158	162	165	166	166	167	168	171	174	180	182	184	195	204	204	201	191	169	150	147	109	81	61	62	72	50	23	48	77	100	101	103	108	102	86	72	62	40	28	46	77	87	77	74	76	85
54	59	58	47	33	41	34	44	72	95	121	118	92	95	87	47	189	187	179	185	186	146	146	159	188	210	215	214	214	213	200	182	168	158	151	144	137	117	114	115	115	121	130	139	144	155	162	171	172	169	169	177	185	187	202	213	208	195	179	159	141	133	65	67	82	69	66	45	20	43	70	95	100	101	102	94	81	65	64	59	54	55	66	77	82	68	69	77
51	53	51	43	33	39	30	52	99	108	118	113	100	91	81	24	152	183	184	177	179	160	146	148	175	202	210	214	218	221	205	185	174	164	150	129	112	103	102	101	101	107	113	121	125	129	144	161	167	163	164	174	185	198	212	220	209	191	169	147	131	88	34	66	93	70	55	35	23	41	57	75	85	91	92	87	80	73	54	53	73	84	73	68	73	61	68	78
45	42	38	35	30	41	28	58	114	110	110	106	103	98	93	33	111	181	190	184	181	176	150	140	163	193	205	212	221	223	214	202	193	185	171	152	140	114	107	97	90	88	91	99	104	128	140	154	161	163	169	183	193	204	210	211	197	178	156	131	112	53	43	82	93	85	75	42	39	64	62	66	75	82	84	83	85	76	58	53	70	87	86	73	65	62	65	69
52	43	35	31	28	41	31	59	112	104	110	103	95	93	98	48	77	169	179	184	179	186	153	136	156	186	200	210	221	219	222	222	213	202	193	190	193	190	176	155	136	128	132	141	149	156	160	164	167	172	184	200	214	201	202	196	181	163	143	115	91	31	59	89	78	96	99	47	45	83	67	56	61	67	66	71	79	64	77	77	63	65	80	85	76	69	62	56
60	44	32	43	28	33	23	56	96	103	110	109	88	93	85	77	26	167	179	192	178	169	162	152	147	161	184	204	210	220	224	223	219	219	225	225	220	221	221	220	219	217	216	215	215	217	203	187	185	194	205	209	208	212	194	175	173	141	114	112	69	40	66	79	64	102	89	49	37	70	71	58	47	58	78	78	67	78	80	80	75	70	72	79	88	81	70	54
54	37	24	34	24	31	26	58	93	97	102	108	95	90	81	63	26	108	186	181	178	175	173	158	143	152	181	197	195	206	221	233	234	234	236	235	229	225	225	226	225	225	224	224	223	222	211	203	204	212	218	215	210	186	186	171	144	103	79	74	54	58	80	85	72	102	95	55	52	80	78	67	54	57	80	84	66	76	82	86	83	78	74	74	76	78	69	56
59	36	22	32	27	35	28	53	85	94	101	105	94	78	63	60	27	51	170	174	175	174	173	165	150	143	153	179	197	225	225	220	218	225	236	233	223	224	225	227	226	229	229	230	230	225	218	213	212	213	207	195	183	181	178	146	97	87	89	59	34	64	81	77	71	86	83	46	51	76	73	68	52	50	79	90	64	75	80	85	85	80	75	72	70	72	65	58
72	46	33	39	39	39	25	42	78	98	106	99	81	60	43	71	35	35	120	174	174	166	160	165	165	143	126	151	196	187	210	226	224	216	218	226	231	221	221	223	225	226	228	229	230	238	233	229	226	223	213	200	189	143	153	131	77	80	87	46	37	64	77	73	77	79	74	36	49	60	58	58	42	36	74	91	62	69	72	73	74	73	73	72	71	62	58	59
81	54	43	45	47	33	24	42	75	96	99	87	71	53	43	73	57	39	69	163	177	166	152	156	168	159	133	131	150	177	192	206	210	215	223	227	225	224	224	226	227	229	232	233	233	242	239	237	237	237	234	230	224	220	138	73	64	88	63	20	51	60	71	73	85	79	64	29	46	55	55	55	36	28	64	84	55	53	54	56	61	66	68	70	69	52	50	58
78	55	47	43	42	25	28	49	72	81	76	73	74	64	62	66	82	48	49	125	167	169	156	149	158	172	167	132	99	146	162	183	201	222	235	231	218	234	234	235	236	237	238	239	239	241	238	235	234	235	235	234	232	212	222	186	105	51	36	30	37	60	62	73	85	79	55	27	47	64	63	57	36	26	54	68	47	36	38	42	49	58	61	59	55	47	46	54
76	57	51	40	37	27	34	47	60	64	59	64	77	87	77	70	90	73	53	78	128	162	160	154	151	165	173	151	118	107	161	219	239	237	233	237	243	239	239	239	238	238	238	238	238	241	240	239	237	235	233	230	228	234	215	210	216	168	95	58	41	65	58	75	82	78	47	32	56	60	61	50	28	23	43	54	42	34	31	31	35	41	45	43	41	46	46	48
78	62	58	42	38	39	38	38	45	53	54	62	76	102	79	82	84	100	62	46	91	149	158	162	155	149	155	169	178	222	230	234	232	235	243	244	242	237	236	236	235	234	233	232	232	233	236	239	241	241	238	235	232	238	240	224	217	217	230	199	90	57	43	62	64	64	30	27	53	48	51	38	18	19	35	45	44	42	34	29	27	29	33	36	36	49	48	46
74	62	61	49	44	38	27	36	47	46	61	89	102	100	80	72	70	74	67	53	66	110	141	158	149	157	195	228	235	234	234	235	235	235	237	237	237	233	233	231	226	221	223	231	239	230	233	239	243	246	246	245	243	245	233	227	232	227	210	205	214	60	50	68	55	38	18	40	50	54	49	47	30	28	43	43	47	40	32	28	30	36	39	34	27	34	36	29
79	67	66	54	48	38	30	36	46	46	60	86	100	92	96	67	53	78	75	34	50	67	119	176	208	226	238	236	224	238	237	237	236	235	234	233	233	231	236	238	236	232	231	234	238	244	241	238	236	235	237	241	242	231	239	240	231	220	214	211	208	95	55	40	43	45	23	39	74	72	62	56	32	25	35	34	36	44	42	39	39	42	47	53	59	67	47	52
77	67	65	54	48	39	29	32	41	44	57	80	95	98	98	83	77	60	61	89	181	230	239	241	236	233	237	240	237	239	240	239	237	236	234	233	233	235	238	240	239	237	235	236	238	241	241	241	240	239	239	239	238	235	239	236	227	221	218	208	191	211	164	103	36	37	33	54	60	78	68	58	32	24	33	31	34	36	35	33	33	36	46	57	66	78	55	76
77	68	67	56	50	36	28	27	33	40	50	69	84	103	100	95	68	52	156	225	236	224	227	234	237	241	241	240	235	236	236	237	237	237	237	238	238	242	241	238	235	233	234	235	238	236	235	234	234	232	229	227	225	232	223	210	205	207	210	211	213	205	221	216	112	44	29	65	55	71	61	51	28	24	39	42	50	50	44	40	44	53	62	66	66	67	68	76
