217	217	217	217	217	217	217	217	217	217	217	217	217	217	217	218	218	218	218	217	217	217	217	228	219	215	229	208	112	44	54	77	97	75	177	203	230	207	190	177	123	51	69	51	55	82	68	148	158	171	172	157	152	177	209	225	222	216	211	211	213	217	221	217	217	217	217	217	217	217	217	217	217	217	217	217	217	217	217	217	217	217	217	217	217	217	217	217	217	217	217
217	217	217	217	217	217	217	217	217	217	217	217	217	217	217	218	218	218	218	217	217	217	217	220	231	199	150	110	62	44	76	66	79	60	75	203	172	153	143	83	92	44	37	51	54	62	68	45	52	68	77	70	63	85	115	169	176	189	200	211	214	215	215	217	217	217	217	217	217	217	217	217	217	217	217	217	217	217	217	217	217	217	217	217	217	217	217	217	217	217	217
217	217	217	217	217	217	217	217	217	217	217	217	217	217	217	218	218	217	218	217	217	217	217	219	216	134	45	45	68	63	57	73	104	74	64	106	103	70	76	50	77	70	51	66	64	65	73	61	55	64	86	93	88	93	107	113	126	147	168	187	198	202	204	217	217	217	217	217	217	217	217	217	217	217	217	217	217	217	217	217	217	217	217	217	217	217	217	217	217	217	217
217	217	217	217	217	218	218	218	218	218	217	217	217	217	217	218	218	217	217	217	217	217	217	221	217	145	67	56	54	46	62	76	96	117	110	92	129	136	118	87	73	96	78	59	53	73	69	69	58	61	76	81	77	89	111	116	115	117	126	142	164	184	196	217	217	217	217	217	217	217	218	218	218	218	217	217	217	217	217	217	217	217	217	217	217	217	217	217	217	217	217
217	218	218	218	219	220	220	219	209	214	229	228	213	212	226	219	211	210	229	221	215	223	211	154	102	62	53	54	64	72	69	76	90	124	133	130	119	118	170	147	123	99	115	98	55	91	93	75	90	68	59	95	121	77	96	113	111	111	136	138	121	131	143	168	199	221	232	217	230	215	220	214	210	222	216	220	225	210	214	218	218	218	218	218	218	218	218	218	218	218	218
217	218	218	219	219	220	220	214	218	224	226	215	206	211	222	210	214	224	202	235	222	220	157	73	63	67	71	63	63	79	88	100	105	124	131	154	121	128	141	171	151	125	142	124	80	103	113	98	92	88	86	74	106	118	82	112	112	111	132	136	125	135	140	146	139	134	175	202	226	218	212	202	213	204	229	222	212	238	202	218	218	218	218	218	218	218	218	218	218	218	218
217	218	218	219	219	220	220	215	224	226	218	208	208	214	217	216	227	214	211	209	177	124	68	51	48	62	79	81	83	90	87	113	122	117	142	164	137	142	132	173	165	142	157	143	109	114	130	129	108	101	100	74	85	132	91	108	117	116	128	133	129	139	136	145	136	119	108	77	89	151	226	239	212	227	211	216	235	209	223	218	218	218	218	218	218	218	218	218	218	218	218
217	218	218	219	219	219	220	223	221	216	213	215	219	220	216	204	209	205	142	126	54	81	92	91	68	60	71	86	104	111	100	111	127	109	151	146	163	150	150	156	166	152	157	151	137	130	145	142	129	112	109	120	89	100	108	104	125	127	130	127	127	141	136	119	122	154	134	81	50	52	113	181	239	225	206	220	216	215	223	218	218	218	218	218	218	218	218	218	218	218	218
217	218	218	219	219	219	219	223	215	212	218	223	225	223	221	223	196	94	84	67	104	86	90	110	88	73	69	76	103	130	134	125	123	116	139	134	176	156	162	153	171	172	156	158	161	150	154	147	140	137	129	161	124	89	113	106	134	141	136	125	124	139	138	130	106	155	125	106	98	50	82	63	160	214	222	215	212	222	212	218	218	218	218	218	218	218	218	218	218	218	218
217	218	218	219	219	219	219	215	215	219	223	223	219	218	219	214	160	92	84	105	109	109	102	119	107	98	83	76	97	126	134	150	128	140	123	142	170	164	153	157	165	184	149	156	162	154	151	166	147	158	142	149	151	128	129	119	144	147	141	128	124	137	134	112	98	161	123	108	109	65	95	50	40	159	228	220	225	213	217	218	218	218	218	218	218	218	218	218	218	218	218
218	218	218	219	219	219	219	211	219	223	220	218	216	207	195	170	121	60	109	115	141	130	134	137	136	134	115	95	103	119	120	157	148	161	135	148	157	172	149	156	140	178	139	152	150	153	153	165	152	152	150	133	149	156	149	139	151	145	144	138	130	135	127	126	106	132	98	94	90	76	92	68	43	65	180	221	205	232	216	218	218	218	218	218	218	218	218	218	218	218	218
218	218	218	219	219	219	219	214	222	220	211	215	219	199	167	75	89	108	123	123	126	142	122	142	158	169	146	111	108	127	133	145	169	168	162	143	150	177	156	156	121	172	137	157	147	161	168	136	152	139	165	151	140	146	153	155	154	141	145	146	138	135	119	114	108	118	106	106	81	87	90	41	64	66	85	178	231	211	222	218	218	218	218	218	218	218	218	218	218	218	218
217	217	217	218	218	217	217	217	227	213	225	218	212	199	101	70	92	112	119	126	137	141	139	134	129	142	123	131	113	119	144	119	127	165	171	155	156	157	160	140	124	164	136	159	130	156	162	135	145	133	172	144	145	127	151	158	148	143	123	153	129	122	112	116	106	100	97	87	75	77	90	52	43	58	77	78	169	232	219	220	213	224	226	210	214	222	207	218	218	218	218
217	218	217	218	217	217	217	215	224	219	207	207	226	185	76	86	86	101	126	133	125	126	140	130	128	132	103	117	123	133	147	128	131	163	169	159	162	158	158	145	129	168	158	136	124	149	155	131	136	123	154	143	131	131	142	148	145	138	117	135	118	110	100	112	103	96	91	81	72	77	88	65	52	46	88	110	98	128	217	223	218	211	216	227	226	216	212	218	218	218	218
217	218	217	218	217	217	217	224	210	224	223	220	221	169	111	93	100	110	121	132	138	136	130	139	138	128	90	109	137	145	147	140	138	162	166	162	165	158	156	138	127	162	171	112	120	140	152	133	122	121	130	142	118	131	128	137	144	134	112	112	108	98	88	104	96	89	82	72	67	75	86	64	60	51	81	127	84	72	138	210	236	226	206	209	209	212	234	218	218	218	218
217	218	217	218	217	217	217	222	209	224	225	192	145	107	104	102	113	120	125	140	157	154	138	157	153	133	99	120	153	150	144	146	147	166	165	160	161	154	158	124	121	145	158	108	120	128	148	142	107	130	107	132	110	117	111	129	141	131	109	96	101	92	80	95	90	83	73	65	64	74	84	64	59	67	66	97	102	97	68	107	177	223	221	214	213	217	228	218	218	218	218
218	218	217	218	217	217	217	206	220	221	209	158	90	72	80	112	104	111	136	154	154	154	160	160	149	132	119	140	166	149	144	146	154	171	162	152	149	145	161	120	123	129	129	117	117	108	133	144	90	138	90	112	102	91	92	119	127	118	98	82	91	88	75	87	87	81	69	64	66	75	82	79	60	69	57	62	78	104	83	65	105	173	218	220	217	215	204	218	218	218	218
218	218	217	218	217	217	217	219	223	211	215	181	104	77	92	99	101	110	126	141	149	153	156	147	139	130	139	160	178	150	146	146	157	170	155	143	139	135	157	130	128	122	113	123	113	91	112	131	82	133	88	95	93	76	77	106	102	99	81	75	81	85	70	80	84	83	73	68	73	78	80	78	78	65	50	64	63	74	96	95	80	131	207	223	213	215	215	218	218	218	218
218	218	217	217	217	217	217	236	217	208	215	209	142	77	87	86	104	115	113	121	140	148	141	144	143	140	154	171	189	154	149	148	157	162	145	139	135	128	148	139	126	121	119	119	116	96	105	114	91	122	105	92	91	87	77	101	82	85	70	79	77	90	72	73	83	87	79	75	80	82	79	72	94	67	54	75	74	59	85	71	59	103	191	239	230	219	226	218	218	218	218
218	218	217	217	217	217	217	209	208	219	200	218	201	108	90	95	98	109	121	123	121	130	144	154	158	154	166	177	194	156	149	153	155	153	137	138	135	123	140	139	117	119	131	111	122	109	109	102	103	114	124	98	93	106	86	103	73	80	68	87	80	97	78	70	83	89	83	79	83	85	79	81	92	71	71	68	71	67	97	63	59	70	135	214	229	210	213	218	218	217	217
217	218	217	218	217	218	217	217	216	214	220	217	210	171	89	93	93	95	104	119	129	135	135	147	160	168	171	187	198	180	149	154	148	140	137	138	135	129	122	130	131	122	115	121	119	113	119	110	115	128	116	115	102	115	121	108	109	78	85	92	92	122	115	98	96	105	108	96	91	88	78	73	65	55	69	62	51	67	62	46	68	70	101	128	230	211	207	217	217	217	217
217	217	217	218	218	218	218	216	217	215	219	219	216	176	87	77	82	92	106	121	134	141	144	156	171	182	185	197	207	193	168	159	146	132	129	136	139	133	126	142	135	120	119	136	137	126	122	125	133	139	137	127	126	131	140	131	132	104	111	116	111	135	127	109	104	111	116	109	106	105	93	77	72	61	69	62	58	76	68	80	63	68	67	56	164	220	222	217	217	217	217
217	217	217	218	218	218	218	217	219	216	216	216	216	174	79	70	71	74	80	96	116	139	155	170	188	202	204	211	218	211	195	175	155	133	126	134	140	136	128	141	144	137	135	145	145	142	149	151	162	162	170	154	162	161	173	167	168	145	150	151	143	155	144	129	119	123	130	129	129	125	109	95	88	76	70	58	60	75	66	80	58	59	45	46	145	220	216	217	217	217	217
217	217	217	218	218	218	218	218	220	216	213	212	214	174	79	75	71	68	70	83	110	141	162	184	203	219	220	221	226	226	221	200	180	154	138	135	137	135	132	145	154	153	150	156	156	159	172	181	190	191	196	188	194	196	204	200	200	184	187	184	173	175	161	156	141	139	145	145	146	139	120	117	108	92	71	53	57	66	54	56	69	51	52	107	196	232	215	217	217	217	217
217	217	217	218	218	218	218	215	218	216	216	216	221	192	109	77	78	82	93	112	137	162	178	198	214	227	230	227	230	234	235	228	214	191	166	149	140	139	141	163	165	158	160	176	180	178	183	207	209	217	213	218	214	223	224	221	220	209	210	206	195	190	176	180	163	157	158	155	153	145	125	124	112	98	73	53	58	60	51	33	63	36	53	104	197	235	212	217	217	217	217
217	217	217	218	218	218	218	211	213	217	223	222	228	216	154	82	81	87	108	138	170	195	205	213	223	232	234	232	233	238	240	239	234	223	201	178	164	161	161	173	182	180	179	188	191	194	205	225	222	231	222	233	226	234	231	231	228	222	221	218	209	199	189	195	180	174	171	161	156	149	135	121	104	99	78	61	66	65	62	33	49	43	67	56	135	223	206	217	217	217	217
217	217	217	218	218	218	218	215	213	217	226	218	219	220	178	99	93	97	122	162	199	217	224	227	230	235	237	237	236	239	241	242	239	236	229	216	204	196	191	184	200	205	200	200	199	208	228	231	231	232	230	234	232	234	233	235	231	226	224	223	218	208	202	200	189	186	180	167	162	160	150	123	101	103	89	74	74	67	70	59	62	61	80	53	85	201	216	217	217	217	217
217	217	217	218	218	218	218	222	216	218	224	208	202	207	177	113	111	122	155	198	226	229	224	236	235	236	239	240	239	240	242	241	240	240	241	240	235	223	213	202	210	208	206	215	218	220	231	233	236	228	236	228	236	228	230	236	231	228	223	224	223	213	208	200	192	193	185	171	167	169	163	132	105	110	99	81	76	64	70	68	70	43	49	61	50	162	217	217	217	217	217
217	217	217	218	218	218	218	207	216	226	218	218	222	209	155	99	112	149	194	220	225	228	236	234	234	237	239	241	243	244	245	244	244	244	243	243	242	242	241	232	230	227	224	224	224	226	227	238	238	238	238	237	236	235	234	236	234	230	226	222	218	214	212	206	200	193	183	176	172	171	170	149	133	128	117	90	71	68	66	70	46	59	61	69	61	175	226	217	217	217	217
217	217	217	218	218	218	218	211	218	226	217	214	216	195	142	116	132	167	205	225	226	227	233	233	234	237	238	241	242	244	245	245	245	245	244	244	242	242	242	236	234	232	228	228	228	231	232	238	239	238	237	237	236	235	235	235	233	229	225	221	217	214	211	206	202	195	185	179	175	173	173	161	142	131	116	88	71	73	75	76	49	56	57	60	47	152	213	217	217	218	217
217	217	217	218	218	218	218	214	219	224	216	211	211	177	128	136	156	190	219	229	229	227	229	233	234	236	238	240	242	245	244	245	244	243	243	242	242	242	242	243	240	237	234	234	235	236	238	237	238	237	237	237	235	235	235	234	232	229	224	220	216	213	211	206	202	196	189	184	180	178	177	169	150	140	126	96	78	78	78	69	44	50	55	59	49	139	222	217	217	218	217
217	217	217	218	218	218	218	216	219	223	218	212	212	164	121	140	171	207	226	230	231	231	229	233	233	236	238	240	242	244	244	244	243	244	242	242	242	241	241	243	243	240	237	236	236	238	240	237	238	238	237	236	235	234	233	233	230	227	222	219	214	212	210	203	201	198	193	188	184	182	181	168	155	154	145	115	91	82	75	87	65	64	66	61	49	114	218	217	217	218	218
217	217	217	218	218	218	218	215	218	221	221	216	218	156	119	128	171	213	226	227	231	232	230	232	233	235	237	240	241	243	244	244	244	243	243	243	242	242	242	243	241	238	236	235	235	237	239	237	238	237	236	236	234	234	234	231	229	226	222	217	213	210	207	199	199	197	194	192	188	185	184	170	160	162	156	128	101	90	81	91	79	75	74	64	54	92	213	217	217	218	218
217	217	217	218	218	218	218	217	218	219	223	218	220	143	112	115	168	214	225	222	230	234	229	232	232	235	237	240	241	241	243	244	244	244	244	243	242	241	241	241	239	237	234	234	234	236	238	237	237	237	236	235	235	234	233	230	227	224	220	216	211	208	206	194	195	195	195	193	190	187	185	176	164	163	156	130	107	100	96	76	81	78	75	64	61	73	206	217	217	218	218
217	217	217	218	218	218	218	221	219	217	222	214	214	125	98	106	167	218	223	217	227	233	226	231	232	235	236	239	239	240	242	244	245	245	243	243	242	243	242	243	242	239	236	236	236	238	239	237	237	237	235	235	235	233	233	229	227	224	219	215	210	208	206	189	191	193	195	194	190	187	185	173	164	165	162	136	114	107	101	78	97	92	79	61	59	45	180	217	217	218	218
217	217	217	218	218	218	218	224	221	217	221	210	208	111	85	105	168	221	223	216	225	231	223	231	232	234	235	237	238	240	240	243	244	244	244	244	242	243	242	244	243	241	238	238	238	240	240	236	236	235	235	235	233	233	232	227	226	222	219	214	209	206	204	186	188	191	194	194	191	187	184	163	159	169	172	147	122	107	97	66	96	95	81	64	70	43	181	217	217	218	218
217	217	217	218	218	218	218	217	222	214	216	219	209	108	78	95	157	207	222	222	224	231	229	227	230	233	236	237	236	234	233	238	240	239	240	241	241	242	242	240	240	240	239	239	238	238	237	234	234	235	235	234	230	227	225	220	216	210	205	202	202	203	205	194	203	206	199	193	191	185	176	152	142	147	157	137	128	101	117	98	77	65	94	66	56	79	189	217	217	217	217
217	217	217	218	218	218	218	217	221	214	217	218	210	111	80	95	153	204	220	220	224	228	228	227	229	233	235	236	236	234	233	239	239	240	239	240	241	241	242	241	240	240	239	238	238	238	238	234	234	235	235	234	230	227	225	218	214	210	205	202	201	202	203	197	203	202	195	191	190	181	169	150	140	147	146	132	104	93	104	119	74	80	87	71	69	71	193	217	217	217	217
217	217	217	218	218	218	218	218	219	214	218	218	212	116	84	95	145	201	219	218	224	228	228	226	228	231	234	235	235	235	235	239	239	240	241	241	241	242	242	241	241	240	240	240	239	238	238	234	234	235	235	234	230	227	225	218	215	211	207	204	202	202	202	201	201	196	189	188	187	174	156	142	136	143	133	120	77	84	91	125	66	97	83	80	82	61	188	217	217	217	217
217	217	217	218	218	218	218	219	217	214	219	217	214	123	90	95	136	196	217	215	224	226	226	225	226	230	232	234	236	236	237	239	240	240	241	241	242	242	243	241	241	241	240	240	239	239	238	234	235	236	236	234	230	227	225	220	219	215	212	209	207	205	205	203	199	190	183	186	183	165	144	133	133	133	127	106	66	78	89	103	66	106	81	84	83	65	182	217	217	217	217
217	217	217	218	218	218	218	221	215	213	220	216	217	131	96	96	125	191	214	213	224	224	223	225	226	227	229	232	235	238	239	240	240	241	242	241	242	243	243	242	242	241	240	240	240	239	239	234	235	236	236	234	230	227	225	223	222	221	218	216	211	209	207	201	197	188	180	182	180	162	140	128	129	123	125	94	71	74	96	84	84	105	80	81	76	89	194	217	217	217	217
217	217	217	218	218	218	218	222	212	213	222	215	220	138	101	97	116	186	212	210	224	221	222	224	224	224	225	230	234	239	241	239	241	241	241	242	243	243	244	242	242	241	241	241	240	240	239	234	235	236	236	234	231	228	226	223	222	222	220	218	214	210	206	196	196	190	181	179	175	160	142	133	123	120	120	86	80	68	98	86	105	100	84	80	72	107	213	217	217	217	217
217	217	217	218	218	218	218	223	211	213	223	215	221	143	105	97	109	183	211	208	225	219	221	223	223	223	224	228	234	240	243	240	241	242	241	242	243	244	244	243	242	242	241	241	240	240	240	234	235	236	235	234	231	228	226	218	218	220	218	215	210	205	202	191	194	193	183	176	172	161	147	146	117	126	107	85	80	58	91	91	106	93	99	89	76	97	211	217	217	217	217
217	217	217	218	218	218	218	223	210	213	223	215	223	146	107	97	104	181	210	207	225	218	220	223	222	222	223	227	234	240	243	241	241	242	242	243	243	244	244	243	243	242	241	241	240	240	240	235	235	235	235	234	230	228	226	213	214	216	215	212	207	201	198	187	194	195	185	175	170	162	152	157	112	133	94	87	77	51	82	89	95	90	113	103	81	74	194	217	217	217	217
217	217	217	218	218	218	218	217	218	213	217	226	209	188	104	96	102	165	218	221	209	212	226	237	233	229	229	234	238	240	240	239	240	243	244	244	244	241	240	236	236	236	236	237	237	237	237	232	231	230	227	226	223	221	220	213	213	212	210	207	203	200	198	185	192	195	187	179	174	163	150	145	134	120	110	89	74	57	87	87	103	96	126	95	89	73	196	217	217	217	217
217	217	217	218	218	218	218	218	217	214	217	223	212	192	96	90	96	159	210	213	211	213	223	226	232	236	236	230	227	231	237	238	237	236	236	236	238	240	242	235	235	235	235	236	236	236	235	230	228	227	224	221	219	218	216	210	213	216	217	216	211	206	203	198	197	197	193	185	174	167	164	147	138	126	115	88	71	56	89	74	92	86	111	95	102	89	200	217	217	217	217
217	217	217	218	218	218	218	219	214	216	218	219	216	198	85	79	90	161	204	202	209	217	226	227	229	231	234	234	233	228	224	230	230	230	231	231	231	232	231	234	234	233	233	232	231	231	231	223	222	221	218	216	214	212	210	206	210	214	215	213	208	201	196	196	197	202	201	184	163	159	168	150	146	137	123	89	70	56	93	66	88	84	94	91	108	100	195	217	217	217	217
217	217	217	218	218	218	218	220	213	217	218	215	220	205	82	74	88	170	208	198	211	220	229	228	226	225	229	233	235	230	226	230	229	227	225	224	224	225	225	230	229	229	228	227	226	226	225	215	214	213	212	211	210	209	208	217	214	212	208	202	196	191	188	193	190	191	194	188	173	161	156	152	153	148	134	96	72	58	95	70	96	94	83	83	98	98	185	217	217	217	217
217	217	217	218	218	218	218	220	214	218	217	214	221	211	93	83	87	173	211	202	220	220	221	217	222	223	222	217	218	224	229	229	226	223	219	218	221	225	227	226	225	224	222	220	219	218	217	210	210	208	207	205	204	203	202	202	194	182	170	162	158	159	159	185	171	157	159	177	188	174	153	151	156	157	146	108	81	60	94	72	99	104	78	80	84	96	187	217	217	217	217
217	217	217	218	218	218	218	220	218	219	216	215	219	216	115	93	78	165	211	207	221	205	197	204	203	198	194	191	191	195	198	193	198	208	215	219	217	214	210	220	218	217	213	213	209	208	206	203	200	196	190	184	178	175	171	167	158	145	133	129	131	138	143	142	139	126	117	126	147	157	154	148	155	161	158	124	94	65	90	73	89	101	75	85	77	102	202	217	217	217	217
217	217	217	218	218	218	218	220	222	219	216	217	216	219	141	84	66	164	212	197	201	180	176	184	176	165	159	158	155	146	137	138	148	164	180	192	196	197	194	213	212	211	208	205	202	200	199	185	180	171	158	144	130	122	116	83	78	73	73	78	90	103	111	109	115	113	101	89	93	111	128	144	152	162	167	140	108	69	85	81	78	92	74	97	76	106	213	217	217	217	217
217	217	217	217	217	218	218	220	226	219	216	219	215	220	158	69	59	170	216	185	175	158	167	156	157	155	144	129	113	104	100	113	113	117	126	143	165	187	200	210	208	206	203	199	197	195	194	166	160	146	127	107	89	75	67	51	53	58	68	82	100	116	125	121	114	111	109	97	85	82	88	143	149	163	173	150	117	72	83	93	75	85	74	104	76	105	213	217	217	217	217
217	217	217	217	217	218	219	209	222	228	212	224	214	231	151	69	58	163	221	162	129	119	130	158	171	182	182	177	162	131	103	86	88	87	89	109	141	166	173	191	190	195	203	207	199	184	172	153	139	122	108	91	75	73	79	70	80	98	120	140	154	161	164	162	150	139	121	92	80	70	85	113	154	179	155	164	127	115	76	98	100	90	63	95	82	142	214	211	212	213	213
217	217	217	217	217	218	219	214	220	225	214	224	216	224	138	87	72	170	218	153	120	131	160	197	187	187	202	207	194	176	167	126	114	97	88	93	113	143	165	177	189	201	209	212	204	188	173	139	121	101	88	77	68	69	76	71	78	93	115	138	151	153	149	162	144	123	110	115	83	92	76	132	147	158	156	160	110	90	68	97	72	66	59	91	86	158	232	215	211	217	225
217	217	217	217	217	217	218	220	214	221	215	221	219	220	129	94	84	180	217	152	122	146	186	199	200	193	179	170	161	143	123	97	87	82	81	79	82	104	128	161	188	212	220	219	215	197	179	132	105	78	65	60	59	63	70	71	75	77	73	67	68	78	87	100	105	120	113	103	86	115	143	101	127	150	174	167	112	88	84	86	81	100	82	94	123	191	215	216	216	217	231
218	217	217	217	217	217	217	223	212	220	218	216	219	219	137	91	93	188	211	164	154	186	214	203	180	139	98	78	69	53	34	28	40	58	74	81	90	111	133	153	191	222	227	226	223	208	185	131	99	68	56	58	62	68	75	59	61	58	46	33	30	38	49	52	47	86	134	134	141	96	119	90	120	139	170	161	117	87	79	101	56	92	109	87	69	115	150	197	222	216	222
218	218	217	217	217	216	216	221	212	221	218	210	218	216	155	90	105	198	204	179	190	213	214	149	91	50	59	80	89	108	134	104	114	115	103	94	102	118	130	160	197	227	233	231	228	214	191	130	101	75	70	77	85	95	103	118	112	107	109	110	101	81	65	52	47	53	105	109	107	112	141	155	147	133	160	165	123	83	65	107	61	100	117	88	80	106	123	152	216	221	212
219	218	217	217	216	216	216	217	215	221	218	211	215	201	154	88	117	213	206	191	191	187	152	94	82	85	105	118	121	135	155	149	155	153	140	138	157	178	187	180	207	229	235	235	231	216	197	131	111	97	101	111	119	129	139	167	162	156	153	145	128	104	85	83	76	41	87	140	95	148	110	158	134	124	163	178	118	81	73	64	68	110	93	76	109	109	79	103	185	224	211
219	219	217	217	215	215	215	213	217	218	218	217	214	174	132	99	129	223	210	197	187	172	126	114	153	184	183	176	180	180	172	170	169	165	163	167	179	192	201	206	218	229	235	237	231	217	201	146	135	132	138	142	143	150	157	172	179	184	181	169	159	153	153	137	149	128	105	129	87	164	139	113	103	120	157	179	109	80	73	78	81	120	110	82	79	59	64	78	131	208	216
220	219	217	217	215	215	215	212	218	215	217	224	214	153	108	121	141	222	203	198	202	208	180	199	201	194	180	175	179	177	171	171	158	152	160	169	180	195	211	222	224	228	235	238	231	216	204	165	159	160	162	159	151	152	157	141	151	165	176	178	174	167	162	159	161	183	141	166	177	171	141	137	131	141	155	185	125	96	66	63	98	133	93	54	64	56	81	77	88	187	220
220	219	217	217	215	215	215	221	216	218	208	223	216	155	129	98	181	207	215	217	224	217	205	203	201	196	189	180	169	160	155	139	147	161	178	195	209	217	223	216	225	232	235	235	233	220	201	185	163	177	186	185	182	169	165	161	134	115	126	143	148	144	141	169	163	161	166	175	177	169	161	141	142	144	165	179	150	107	94	79	89	122	55	65	71	63	73	97	85	162	205
219	219	217	217	215	215	215	215	215	214	210	219	214	168	133	104	188	214	217	212	221	217	213	216	216	212	207	201	192	185	180	181	188	199	210	216	219	221	222	217	226	233	235	235	232	219	200	179	168	179	176	178	195	191	184	180	174	172	167	155	146	154	170	187	190	189	175	158	152	158	169	153	146	141	161	183	164	121	100	97	94	97	49	65	81	79	83	98	105	154	215
219	218	217	217	216	216	216	211	217	213	213	216	213	191	143	116	198	219	218	209	216	218	221	226	225	225	223	221	217	212	209	215	221	225	228	228	225	221	218	219	229	234	235	234	231	215	196	169	168	177	162	167	204	211	200	199	198	200	204	203	204	214	222	205	203	199	187	173	160	154	152	157	148	141	154	177	169	135	112	107	94	68	49	73	94	98	90	102	128	154	222
218	218	217	217	217	216	216	209	220	214	219	216	217	213	163	134	205	217	216	211	218	220	225	227	228	229	229	228	227	225	224	221	224	225	227	225	223	219	216	222	231	236	235	234	229	212	192	162	163	170	154	158	200	212	207	219	210	203	211	223	227	224	220	214	204	194	190	190	181	163	148	151	148	145	149	160	162	143	125	102	91	55	60	82	100	109	92	116	142	172	220
218	217	217	217	217	217	217	214	224	219	225	219	221	226	187	150	206	210	213	216	224	223	225	225	228	231	232	232	231	230	230	226	224	222	220	218	218	218	218	226	233	237	235	232	226	209	188	168	161	169	156	157	188	204	207	224	223	221	222	226	228	224	216	215	210	200	190	180	174	172	173	153	151	146	144	153	165	153	129	98	92	58	65	79	95	117	101	135	151	201	210
217	217	217	217	217	217	218	218	224	223	225	222	222	224	208	154	205	204	212	220	228	224	225	230	233	235	236	236	235	233	232	237	233	228	223	219	219	221	223	229	236	239	235	231	224	206	185	180	165	169	159	156	179	198	212	218	222	225	229	234	238	235	227	211	211	207	196	181	171	169	171	164	155	145	141	154	177	163	124	105	100	77	66	71	88	126	114	149	165	221	208
217	217	217	217	217	218	219	221	220	224	221	222	220	212	223	149	201	205	215	221	226	223	229	236	237	239	239	238	235	233	231	238	236	232	229	226	225	225	226	231	238	239	235	230	223	202	182	185	167	164	149	143	171	196	217	217	220	221	223	230	235	224	206	208	204	200	197	190	179	167	159	164	157	147	139	150	176	164	117	112	108	104	73	77	93	130	116	154	189	222	216
217	217	217	217	217	218	219	221	214	221	215	220	216	202	229	143	199	208	218	220	223	222	233	238	238	238	237	236	232	229	225	227	229	229	230	229	230	227	226	231	238	239	235	229	220	201	179	183	164	157	133	127	163	197	219	215	227	232	229	228	230	222	210	206	201	194	187	181	177	174	173	153	155	153	139	140	165	157	114	111	110	124	83	92	103	132	109	156	209	214	226
217	217	217	217	217	218	218	217	217	218	218	218	219	218	218	150	189	211	222	219	224	228	230	224	229	226	218	219	225	223	216	226	224	219	212	209	212	222	231	228	229	232	232	227	216	206	199	191	166	144	129	110	128	174	200	219	213	217	228	230	221	210	207	203	200	194	186	178	170	164	160	158	156	146	157	158	158	155	113	123	101	96	93	95	128	148	124	167	210	218	206
217	217	217	217	217	217	217	217	217	218	218	218	219	219	219	152	184	210	219	216	221	225	227	223	221	221	223	221	217	213	214	211	208	205	209	218	224	226	224	231	233	235	233	226	216	204	197	190	163	143	153	142	144	168	199	205	219	222	213	213	220	215	199	197	194	187	180	174	169	165	164	151	150	139	149	156	153	140	102	119	99	92	93	108	140	153	132	177	215	219	207
217	217	217	217	217	217	217	217	217	218	218	218	219	219	219	155	177	208	214	214	217	222	224	221	221	221	219	209	198	197	200	180	185	196	211	223	228	226	221	235	236	236	232	225	213	201	194	183	158	144	177	173	159	147	181	186	191	199	206	204	200	202	206	190	186	178	171	165	163	162	163	148	150	137	146	160	152	126	94	109	94	90	106	131	151	151	137	192	221	222	208
217	217	217	217	217	217	217	217	217	218	218	218	219	219	218	162	172	208	211	212	214	220	221	218	220	218	211	201	188	168	150	160	180	205	220	224	223	222	223	235	234	233	229	220	207	194	186	174	157	154	199	202	182	147	181	173	158	158	178	195	195	193	197	187	181	172	162	156	152	151	152	140	143	134	139	158	144	108	86	100	87	93	125	150	146	141	149	207	225	222	209
217	217	217	217	217	217	217	217	217	218	218	218	219	219	218	170	165	208	208	212	212	218	219	216	210	208	207	195	166	135	118	174	195	217	227	227	225	224	227	230	230	228	223	215	200	186	178	156	150	163	194	200	186	153	182	176	164	145	142	165	194	195	177	183	178	168	156	147	139	136	133	128	130	126	131	145	129	93	80	104	87	96	131	146	132	142	175	217	224	220	212
217	217	217	217	217	217	217	217	217	218	218	218	219	219	218	174	156	205	201	208	205	214	214	213	204	199	187	152	119	129	164	204	211	220	225	227	225	225	225	226	226	225	220	210	197	183	174	166	158	181	178	173	157	144	174	188	184	172	153	142	150	170	185	175	171	163	153	141	130	122	117	127	124	132	135	138	123	95	92	113	91	97	123	130	130	164	207	218	220	218	214
217	217	217	217	217	217	217	217	217	218	218	218	219	219	218	174	145	198	192	200	197	206	206	206	198	178	144	114	117	164	210	212	214	217	214	210	210	217	223	223	223	222	219	210	197	186	176	173	152	185	155	136	114	130	172	185	187	192	182	151	125	139	170	160	161	158	151	140	128	115	108	122	114	134	136	124	113	96	100	108	94	103	120	125	152	197	223	215	212	214	216
217	217	217	217	217	217	217	217	217	218	218	218	219	219	218	171	137	192	186	194	191	199	200	197	187	148	109	119	169	202	203	203	209	210	198	183	184	203	223	223	223	223	221	213	200	187	180	131	101	143	104	85	63	107	161	171	183	188	181	171	156	134	113	149	151	152	149	141	128	115	106	105	94	122	123	101	93	85	93	94	91	110	123	132	177	222	222	212	208	211	217
217	217	217	217	217	217	217	218	218	218	218	218	218	218	217	178	119	157	181	172	177	203	191	187	150	118	115	166	187	193	197	199	217	222	187	172	135	153	199	206	218	218	225	193	207	196	130	160	134	82	22	37	64	114	145	166	160	174	172	160	152	138	127	98	127	147	137	146	136	120	111	97	95	98	92	111	89	88	98	98	82	95	136	189	229	227	216	217	217	216	216
217	217	217	217	217	217	217	218	218	218	218	218	218	218	217	183	125	150	168	178	172	190	189	185	127	102	143	179	170	190	179	189	205	190	172	184	161	147	170	209	217	205	199	188	195	148	104	107	100	53	31	32	75	101	134	153	153	161	168	160	153	150	136	114	115	129	143	130	120	102	92	104	95	88	80	89	88	100	111	95	150	195	210	213	215	222	223	217	217	217	216
217	217	217	217	217	217	217	218	218	218	218	218	218	218	217	193	124	139	154	181	166	181	186	157	109	107	166	172	146	196	187	178	190	160	151	170	164	132	137	147	199	163	194	205	164	147	120	58	62	40	41	46	81	94	116	136	141	136	147	137	122	130	109	122	98	102	142	124	112	94	86	94	91	84	84	79	95	104	105	121	208	236	230	217	206	221	217	217	217	217	217
217	217	217	217	217	217	217	218	218	218	218	218	218	218	217	203	114	127	146	173	161	185	184	127	101	115	142	137	130	177	176	176	180	156	145	128	133	115	110	116	155	202	136	131	155	60	49	33	34	45	41	65	72	90	94	121	129	112	123	109	88	104	78	106	84	79	121	138	115	101	98	87	88	86	91	74	98	101	93	151	222	214	206	215	211	224	210	218	218	218	217
217	217	217	217	217	217	217	218	218	218	218	218	218	218	217	209	104	118	144	156	158	193	184	117	88	103	100	113	121	129	136	139	135	142	143	96	110	118	100	76	55	119	91	88	96	18	25	30	28	46	50	71	71	88	88	99	105	85	96	83	65	85	61	79	80	66	88	159	119	101	103	91	90	85	88	69	95	100	93	162	223	213	215	225	214	225	217	218	218	218	217
217	217	217	217	217	217	217	218	218	218	218	218	218	218	217	214	114	115	141	141	158	190	186	119	75	98	96	110	111	101	126	139	125	152	164	120	124	133	102	102	78	81	122	99	25	38	34	50	50	55	80	75	92	94	101	100	99	82	86	71	58	72	54	61	79	63	73	166	113	94	93	84	86	86	90	84	96	99	94	183	222	220	220	223	211	220	221	218	218	218	218
217	217	217	217	217	217	217	218	218	218	218	218	218	218	217	215	145	117	133	135	158	169	188	147	83	95	100	92	84	94	107	149	137	159	169	155	143	144	123	120	129	177	137	112	104	85	79	78	72	74	98	84	92	91	94	99	89	83	77	63	60	66	58	57	75	62	87	166	113	94	89	75	77	83	86	102	98	103	109	207	220	218	209	211	215	218	216	219	218	218	218
217	217	217	217	217	217	217	218	218	218	218	218	218	218	217	215	172	120	124	135	158	148	190	193	101	80	82	60	56	82	51	69	72	95	113	146	142	153	161	148	149	185	176	172	129	98	101	90	71	86	85	83	64	71	62	54	41	45	39	33	41	46	45	58	68	61	109	165	120	104	95	81	74	73	69	99	95	113	135	212	220	227	214	210	224	221	213	218	218	218	218
217	217	217	217	217	217	217	217	217	217	217	218	217	218	217	214	186	112	125	112	129	148	188	189	138	84	78	74	87	66	68	79	53	63	79	130	138	133	134	141	133	147	151	128	116	107	82	83	81	56	62	71	88	97	76	60	55	52	46	39	44	59	70	73	88	66	140	165	120	87	79	67	75	62	75	93	94	105	149	217	217	217	217	217	217	217	217	218	218	218	217
217	217	217	217	217	217	217	217	217	217	217	217	217	217	217	216	193	112	126	126	118	134	174	196	170	107	107	118	141	144	126	118	63	105	157	170	202	171	189	151	142	149	140	110	104	114	107	94	100	132	116	102	173	180	86	75	72	60	60	72	76	89	115	94	84	89	173	149	122	81	84	79	79	67	74	97	97	99	150	218	217	217	217	217	217	217	217	217	217	217	217
217	217	217	217	217	217	217	217	217	217	217	217	217	217	217	215	213	112	136	119	123	107	155	182	194	137	123	121	153	199	187	149	110	73	143	197	220	222	213	206	204	219	218	191	183	187	178	170	143	188	181	177	202	164	129	120	84	75	69	68	124	166	137	112	84	132	187	135	106	78	79	73	67	67	73	107	111	115	181	218	217	217	217	217	217	217	217	217	217	217	217
217	217	217	217	217	217	217	217	217	217	217	217	217	217	217	220	221	153	116	117	122	99	133	173	198	157	119	102	134	198	208	188	178	81	75	191	220	233	232	230	216	220	222	205	209	218	207	189	179	205	169	145	208	142	126	130	59	29	86	152	158	143	147	107	100	171	166	129	80	83	62	70	63	75	71	100	99	113	190	218	217	217	217	217	217	217	217	217	217	217	217
217	217	217	217	217	217	217	217	217	217	217	217	217	217	218	225	215	213	90	123	113	110	113	174	186	174	128	111	139	182	204	215	202	171	85	156	211	184	229	232	224	229	230	213	213	218	204	196	183	198	181	44	136	81	87	63	29	88	164	160	153	153	118	89	135	183	141	116	73	87	50	70	69	90	83	104	103	142	214	218	217	217	217	217	217	217	217	217	217	217	217
217	217	217	217	217	217	217	217	217	217	217	217	217	217	218	222	223	226	131	105	126	108	109	143	168	191	149	125	135	171	204	213	205	215	179	153	189	159	176	169	173	202	216	200	199	209	200	183	75	101	70	93	47	37	35	57	131	168	148	146	165	151	119	79	156	170	130	94	84	83	54	63	66	90	89	105	112	181	231	218	217	217	217	217	217	217	217	217	217	217	217
217	217	217	217	217	217	217	217	217	217	217	217	217	217	218	216	224	214	198	105	123	108	112	105	156	185	147	118	113	169	199	209	219	214	229	195	191	196	166	185	170	167	150	112	102	112	104	86	117	104	119	100	117	106	164	172	148	140	139	142	160	153	112	85	131	152	117	78	86	72	61	67	64	77	80	93	103	191	205	218	217	217	217	217	217	217	217	217	217	217	217
217	217	217	217	217	217	217	217	217	217	217	217	217	217	217	219	207	223	220	143	90	126	109	103	158	163	130	111	105	178	188	205	209	224	199	211	213	212	210	221	205	205	200	177	175	180	167	158	175	170	154	148	160	189	169	141	148	141	133	134	128	121	124	94	92	145	101	75	73	63	63	75	69	77	87	107	125	226	216	218	217	217	217	217	217	217	217	217	217	217	217
217	217	217	217	217	217	217	217	217	217	217	217	217	217	217	211	218	225	222	208	88	118	117	105	121	132	162	100	118	165	188	193	205	208	200	204	218	216	202	218	215	218	223	217	204	202	210	192	197	196	193	193	190	169	143	134	135	136	139	138	126	109	96	89	107	119	85	60	63	60	64	66	77	85	77	95	182	218	216	217	216	215	215	215	214	214	214	214	214	214	215
217	217	217	217	217	217	217	217	217	217	217	217	217	217	217	208	221	224	214	206	168	85	109	102	115	132	127	118	86	127	151	193	204	209	202	197	203	212	216	223	211	200	200	202	200	197	195	200	207	204	190	176	166	151	134	133	127	125	128	127	117	104	97	86	93	95	68	58	70	63	59	65	87	82	91	102	203	218	219	217	216	216	215	215	214	214	214	214	214	214	215
217	217	217	217	217	217	217	217	217	217	217	217	217	217	217	213	218	218	217	209	226	106	93	100	117	125	107	132	86	111	148	166	183	202	211	206	197	196	201	222	222	220	213	209	212	214	214	213	206	187	162	146	141	138	134	130	119	115	121	120	109	99	100	79	76	73	52	52	70	64	60	66	88	89	98	131	215	221	221	217	216	216	216	215	215	214	214	214	214	215	215
217	217	217	217	217	217	217	217	217	217	217	217	217	217	217	222	211	210	228	215	223	187	101	85	109	99	99	103	94	103	147	149	167	191	206	211	205	196	187	188	203	209	201	195	197	197	192	192	175	154	141	141	145	143	137	124	114	112	120	120	106	96	96	73	68	66	47	46	64	63	65	70	77	98	99	169	209	222	221	217	217	216	216	216	215	215	215	215	215	215	216
217	217	217	217	217	217	217	217	217	217	217	217	217	217	217	223	216	210	226	218	210	232	156	90	102	97	107	82	100	103	130	157	175	186	184	187	200	208	205	188	191	187	182	183	187	177	160	154	148	146	152	157	151	136	124	111	106	108	117	116	100	86	79	75	66	63	48	50	64	62	66	74	71	97	115	184	205	212	221	217	217	217	216	216	216	215	215	215	215	216	216
217	217	217	217	217	217	217	217	217	217	217	217	217	217	217	215	223	215	213	216	220	214	219	111	91	102	105	92	101	113	121	148	174	186	168	158	171	189	196	185	182	173	160	154	151	147	141	157	155	157	157	146	125	108	101	98	101	104	105	103	92	73	59	77	61	56	48	59	74	66	65	75	77	92	141	173	212	202	221	218	218	217	217	216	216	216	216	216	216	216	216
217	217	217	217	217	217	217	217	217	217	217	217	217	217	217	211	217	222	212	213	221	205	232	157	97	87	84	95	92	102	117	142	170	189	180	160	153	155	156	167	165	161	153	140	130	132	140	151	141	134	132	120	103	95	96	97	104	103	93	88	86	70	49	63	50	53	53	65	78	71	74	77	87	103	153	162	216	206	218	218	218	218	217	217	216	216	216	216	216	216	217
217	217	217	217	217	217	217	217	217	217	217	217	217	217	217	214	203	224	221	215	204	225	207	228	140	85	82	96	93	86	125	164	180	198	200	182	158	143	136	115	106	106	114	115	105	98	98	106	93	90	104	115	112	106	106	103	112	106	86	81	86	74	50	44	44	59	59	62	71	73	87	80	92	124	150	163	211	218	213	218	218	218	217	217	217	216	216	216	216	217	217
217	217	217	217	217	217	217	217	217	217	217	217	217	217	217	217	217	217	217	218	218	218	218	218	219	134	83	86	82	104	124	156	180	181	198	199	203	170	130	128	116	109	73	86	79	96	84	83	97	94	105	108	106	125	125	133	131	93	75	66	72	59	53	34	48	68	60	73	72	83	75	87	113	104	139	168	210	211	212	210	218	216	213	217	214	214	226	217	217	218	218
217	217	217	217	217	217	217	217	217	217	217	217	217	217	217	218	218	218	218	219	219	218	218	218	222	197	106	69	94	91	97	151	190	181	183	187	180	201	183	173	149	126	103	101	91	93	89	91	111	119	135	142	144	158	152	136	129	99	90	71	59	51	68	34	50	66	65	71	73	78	72	97	98	103	143	166	209	226	227	224	225	218	210	213	218	219	219	217	217	218	218
217	217	217	217	217	217	217	217	217	217	217	217	217	217	217	218	218	218	218	218	218	218	218	216	222	231	158	91	89	83	80	145	173	143	148	185	178	217	195	195	189	174	158	135	129	135	147	129	154	165	173	173	168	167	154	137	122	90	81	70	61	42	55	36	53	63	72	68	74	70	68	82	83	112	146	164	207	223	215	220	222	221	213	210	217	221	214	217	217	218	218
217	217	217	217	217	217	217	217	217	217	217	217	217	217	217	218	218	218	218	218	218	218	218	213	219	212	208	149	84	86	84	94	137	134	138	157	151	187	193	195	204	206	190	176	172	183	189	170	189	196	189	177	164	152	134	128	120	90	69	62	71	44	42	41	57	61	76	64	70	62	65	61	84	123	136	164	209	213	219	208	212	221	221	213	213	217	214	217	217	218	218
217	217	217	217	217	217	217	217	217	217	217	217	217	217	217	217	217	217	217	217	217	217	218	211	221	206	216	188	117	94	88	72	106	125	133	133	147	150	174	197	185	193	186	201	180	182	175	183	191	194	180	164	152	136	125	111	112	98	72	57	66	44	53	50	60	61	74	60	65	57	63	64	94	117	125	165	200	180	235	219	215	216	220	219	215	214	217	218	218	218	218
217	217	217	217	217	217	217	217	217	217	217	217	217	217	217	217	217	216	217	217	217	217	217	212	223	230	196	184	167	105	86	89	91	109	121	120	153	140	154	181	161	178	180	197	158	167	173	183	178	181	165	146	130	113	114	97	80	72	63	57	60	33	55	61	62	61	66	57	55	54	64	76	95	106	129	164	172	103	177	227	226	215	211	222	222	214	219	218	218	218	218
217	217	217	217	217	217	217	217	217	217	217	217	217	217	217	217	217	216	217	217	217	217	217	217	218	233	199	174	171	129	102	80	84	111	117	100	115	141	156	153	158	177	169	166	147	165	180	174	158	162	150	130	107	86	95	85	63	55	53	58	70	37	55	72	64	62	57	55	45	55	66	80	91	102	139	160	169	51	91	180	221	221	206	222	226	215	222	218	218	218	218
217	217	217	217	217	217	217	217	217	217	217	217	217	217	217	217	216	216	217	217	217	217	217	221	209	210	223	178	142	155	125	83	71	84	98	101	105	146	130	143	169	171	145	133	153	164	159	153	135	144	140	121	96	70	87	75	74	78	60	58	84	57	74	79	64	64	51	54	39	55	67	83	92	105	138	152	196	64	62	115	203	231	210	221	225	215	225	218	218	218	218
217	217	217	217	217	217	217	218	218	218	218	218	218	218	218	216	216	216	217	217	217	217	218	219	211	237	222	180	166	143	143	101	80	89	77	108	95	123	127	119	156	145	137	123	118	143	128	144	123	118	111	83	70	75	76	76	67	62	65	66	63	69	80	61	58	53	48	49	54	61	65	93	92	105	110	157	190	55	60	86	149	215	221	215	220	223	213	218	218	218	218
217	217	217	217	217	217	217	218	218	218	218	218	218	218	218	218	217	217	217	218	219	219	219	213	222	239	209	188	178	157	147	116	88	85	81	101	85	105	118	104	129	125	134	120	99	121	119	113	102	103	97	75	66	70	66	60	57	53	56	63	69	68	63	55	53	48	46	48	53	61	65	81	90	102	125	153	183	84	35	74	140	203	223	215	222	220	215	218	218	218	217
218	218	218	218	218	218	218	218	218	218	218	218	218	218	218	211	212	215	217	220	222	225	226	211	236	233	182	196	192	174	157	138	102	83	90	97	82	80	89	85	105	105	117	108	89	104	102	86	87	89	81	65	59	59	51	44	47	48	50	63	73	62	43	47	46	44	43	47	54	61	66	74	90	94	132	141	170	115	18	55	128	186	226	215	222	215	219	218	218	218	217
218	218	218	218	218	218	218	217	217	217	217	217	217	217	217	214	214	216	216	219	219	220	220	218	244	208	149	199	194	186	175	163	126	89	97	92	87	65	62	76	93	87	89	91	91	99	83	77	83	82	67	53	52	50	42	44	49	54	60	67	68	53	36	41	40	40	43	48	56	63	67	79	89	87	118	128	154	119	26	40	119	171	227	216	222	212	223	218	218	218	217
219	219	219	219	219	219	219	217	217	217	217	217	217	217	217	223	222	220	219	217	214	213	212	232	244	174	122	196	189	189	191	182	160	116	102	79	85	68	66	82	79	63	66	79	87	88	72	69	77	70	53	45	48	51	50	58	59	66	74	72	58	45	40	38	40	42	46	52	59	66	69	80	83	85	104	124	139	94	42	32	119	165	223	217	220	212	224	218	218	218	217
219	219	219	219	219	219	219	216	216	216	216	216	216	216	216	217	218	220	221	224	225	227	228	241	243	144	107	193	189	190	197	193	188	151	120	78	82	79	87	89	62	45	59	74	73	70	71	57	64	58	47	49	52	58	67	73	69	70	76	69	51	44	47	42	45	48	52	59	63	69	72	76	75	89	97	120	119	68	50	34	126	168	216	219	217	217	224	219	218	218	217
219	219	219	219	219	219	219	216	216	216	216	216	216	216	216	220	222	225	229	233	238	242	243	243	246	128	107	192	196	192	191	193	193	176	153	115	98	86	87	87	62	55	65	73	66	62	71	57	64	60	58	64	61	63	79	76	69	63	60	58	53	49	47	49	52	56	60	65	69	72	74	78	74	89	92	99	92	66	51	41	137	176	208	220	214	222	222	219	218	218	217
219	219	219	219	219	219	220	217	217	217	217	217	217	217	217	244	243	243	240	238	236	236	235	241	249	124	111	194	204	194	183	187	185	185	181	159	122	86	68	79	74	76	73	73	73	69	69	68	74	72	75	81	68	63	81	73	66	52	42	47	58	55	43	54	57	60	65	69	72	75	75	86	77	86	85	73	70	78	54	47	145	183	203	222	212	228	221	219	218	218	217
213	217	221	224	223	221	220	219	218	217	219	223	230	237	242	240	240	236	228	223	225	236	245	239	253	129	100	188	194	185	200	192	191	186	179	166	143	116	98	78	82	82	80	87	94	90	80	74	78	84	87	85	77	69	63	52	62	55	46	49	44	41	53	59	62	66	71	74	76	77	77	73	84	82	62	83	75	66	57	58	171	184	200	211	215	228	225	221	219	215	213
219	217	215	215	214	214	215	223	226	231	236	238	239	239	240	237	234	229	226	226	229	234	236	242	251	149	85	189	191	191	197	192	190	190	188	181	168	149	136	99	89	78	74	77	83	87	90	68	70	73	75	73	69	63	59	62	67	63	55	53	48	50	57	60	63	69	72	76	78	78	78	84	81	73	78	86	70	68	51	95	178	186	198	204	201	207	222	220	219	220	221
218	215	212	211	215	217	221	236	239	243	246	246	245	242	241	233	229	226	228	236	239	237	233	246	248	177	73	185	189	197	193	196	194	193	194	193	188	177	168	139	114	90	80	76	73	79	90	73	73	73	72	71	69	68	67	75	72	73	69	57	55	60	61	64	67	71	76	79	80	80	80	87	83	71	90	82	71	66	47	141	185	191	196	195	188	181	214	220	222	225	225
