135	133	136	151	137	133	151	170	82	89	80	86	86	54	23	35	59	57	24	7	2	6	10	10	25	46	96	67	56	99	113	35	98	58	13	41	43	43	48	42	57	88	33	99	67	34	10	20	64	15	54	42	65	48	77	50	78	82	83	84	87	91	97	101	104	105	113	101	117	64	61	74	59	60	49	24	40	72	103	128	133	136	128	128	129	130	132	133	135	134	124	125	125	124	126	135	151	162
132	130	137	132	150	166	155	138	67	70	136	88	54	40	27	19	18	11	12	23	27	19	20	28	26	15	47	125	111	48	96	66	41	86	89	2	12	43	25	27	33	31	52	54	50	41	30	24	42	68	45	51	69	57	82	92	122	125	146	148	150	153	156	159	161	162	185	164	163	142	114	95	67	80	44	27	36	46	75	120	138	141	129	129	129	130	132	133	134	133	124	125	125	124	126	135	151	162
135	133	139	151	153	143	146	120	87	134	72	34	19	35	46	44	44	45	31	10	10	31	33	15	19	41	26	56	71	77	67	59	61	16	42	118	61	4	19	20	24	28	47	54	51	41	38	27	31	62	56	67	80	84	106	137	167	179	188	189	190	191	192	193	194	194	208	198	188	199	164	133	102	110	26	32	53	55	77	125	137	125	130	130	131	131	132	132	133	133	124	125	125	124	126	135	151	162
143	142	154	127	146	148	153	162	159	117	49	42	34	26	20	18	11	4	15	11	4	2	1	7	20	27	56	39	68	100	59	48	95	52	57	10	70	94	56	43	36	49	30	83	61	63	71	55	73	66	86	88	105	124	148	163	191	213	216	216	215	215	214	214	213	213	210	218	200	203	179	149	118	87	36	39	53	45	62	114	135	130	132	131	132	132	131	132	132	130	124	125	125	124	126	135	151	162
146	146	138	159	152	130	152	125	96	64	43	42	25	9	14	28	24	10	15	15	12	7	4	3	3	1	19	56	63	29	117	101	12	44	62	84	53	64	81	75	99	98	86	121	102	114	123	95	105	110	114	115	143	157	185	185	211	224	234	233	232	231	230	229	228	227	219	227	207	197	197	167	143	87	49	43	54	53	70	113	136	141	133	133	133	132	131	131	130	130	124	125	125	124	126	135	151	162
142	143	151	142	153	152	119	76	89	57	53	48	31	22	27	27	20	19	20	3	3	23	20	1	1	5	29	15	81	72	37	45	90	78	75	71	103	114	121	120	105	144	151	150	156	139	141	140	122	149	135	150	179	177	203	211	232	228	236	235	235	234	232	231	230	230	228	222	209	209	227	201	192	153	68	49	53	58	73	107	125	135	135	135	134	132	132	130	129	128	124	125	125	124	126	135	151	162
144	144	139	142	125	157	175	109	80	61	25	25	18	16	17	8	4	15	3	8	7	2	2	4	3	1	3	13	17	64	61	44	89	75	84	76	86	132	142	143	170	167	163	164	179	154	155	178	167	179	170	186	199	202	211	224	235	235	238	238	238	238	238	238	237	237	241	231	219	223	228	216	212	204	142	95	61	37	45	88	120	138	137	136	135	133	130	128	127	126	124	125	125	124	126	135	151	162
150	150	137	150	143	165	129	42	20	5	13	12	2	2	5	9	13	26	37	24	21	28	23	7	3	12	9	9	9	27	31	61	62	78	95	120	146	152	163	170	169	180	183	192	184	193	189	179	193	186	207	209	205	224	214	223	225	242	232	233	233	234	234	234	236	235	232	231	218	219	206	216	214	225	217	164	115	73	72	110	134	143	138	136	135	133	130	128	127	125	124	125	125	124	126	135	151	162
146	145	141	142	145	118	167	110	41	23	22	31	34	28	28	34	31	22	17	11	7	11	18	23	22	19	11	21	20	21	31	38	48	64	90	117	151	175	182	184	188	192	197	197	199	202	204	206	208	209	208	211	215	221	228	233	238	240	238	237	236	235	233	231	231	230	228	227	225	222	220	217	216	214	219	210	184	176	152	153	140	140	136	132	130	130	132	130	125	119	127	126	124	121	123	134	152	165
147	145	138	141	141	152	181	111	78	74	24	25	17	5	3	9	13	10	19	13	9	10	16	20	19	16	25	36	36	39	51	60	70	87	105	128	156	176	181	183	188	193	197	199	200	203	205	207	209	210	208	210	214	220	226	232	236	238	236	236	235	234	233	231	230	229	228	227	225	222	220	217	215	214	224	208	200	177	191	193	189	155	143	137	131	130	130	130	125	121	127	126	124	121	123	134	152	166
148	147	145	172	146	151	131	87	78	52	51	49	42	30	23	21	19	14	20	16	11	9	12	15	16	14	24	34	38	43	59	70	83	101	127	142	163	176	179	181	187	193	200	200	202	204	207	209	210	211	207	210	213	219	224	229	232	235	233	233	232	231	230	230	229	228	227	226	224	221	219	216	214	214	217	211	208	174	178	196	212	181	153	144	134	128	127	127	126	123	125	125	123	121	123	135	153	167
150	149	142	130	114	208	157	82	22	2	14	16	16	16	16	20	22	22	20	16	12	9	10	14	17	18	25	35	41	47	64	79	93	111	146	156	167	174	176	180	187	193	200	201	203	205	207	209	212	211	207	209	211	217	222	225	230	232	228	228	228	228	228	228	228	227	226	225	222	220	217	215	213	213	213	218	206	187	155	182	193	185	159	149	135	127	126	126	125	123	124	123	122	120	124	136	155	168
147	147	151	130	123	230	159	124	52	36	24	18	13	11	13	18	26	32	17	15	13	10	12	17	25	29	43	54	58	66	84	97	112	131	155	160	166	171	174	178	185	191	200	200	202	204	206	209	210	211	207	208	211	215	219	223	226	227	224	224	225	225	226	226	226	227	225	224	221	219	217	214	212	212	219	219	213	214	180	180	171	168	158	148	135	126	125	126	125	123	121	122	121	120	124	137	156	170
135	137	123	132	110	115	13	35	33	26	36	29	24	21	14	3	0	1	11	12	12	12	15	24	37	47	60	71	73	79	94	107	120	138	152	155	160	165	171	177	184	189	196	197	199	201	204	206	208	209	207	208	211	213	217	220	222	223	220	220	221	222	223	225	226	225	224	222	220	218	216	213	212	211	214	210	222	213	201	154	149	159	150	142	131	127	126	125	122	121	119	120	120	120	124	138	158	172
117	122	111	104	90	93	22	1	26	12	19	19	26	35	32	17	5	4	5	8	11	13	20	33	51	64	68	78	79	81	94	104	115	132	142	144	152	159	169	177	182	186	193	195	196	198	201	203	205	205	207	208	210	212	215	217	219	220	216	217	218	220	222	224	225	226	223	221	220	217	215	213	210	210	209	209	216	208	201	140	120	136	140	134	128	126	127	126	122	118	118	119	119	119	125	139	159	173
107	113	101	96	88	112	130	100	131	27	11	8	13	23	23	12	7	11	2	6	9	14	22	37	60	74	78	86	86	87	97	105	115	131	134	137	146	156	168	177	182	184	191	192	194	196	199	201	202	203	206	207	209	212	214	216	219	219	214	215	217	219	222	223	225	226	223	221	219	217	216	212	211	210	212	217	202	222	214	166	98	96	133	129	127	127	129	127	121	115	118	119	119	119	126	140	160	174
121	135	117	127	142	151	171	180	112	18	16	28	41	37	4	17	11	14	5	7	12	22	38	57	74	85	85	87	91	96	102	108	113	115	129	137	147	153	156	161	168	174	188	190	191	190	188	193	201	209	206	203	202	201	202	207	213	216	220	221	222	222	225	225	227	227	226	222	217	212	210	211	214	215	208	213	211	208	212	178	112	81	104	163	152	134	137	131	131	146	125	123	121	123	131	143	156	164
157	169	179	180	179	175	179	161	70	7	31	2	23	25	29	14	5	2	5	8	15	25	41	59	74	82	86	88	91	97	102	107	111	113	123	130	138	144	148	155	166	174	182	184	186	185	184	188	196	203	202	201	199	199	201	205	209	213	221	222	223	224	226	228	228	228	226	222	217	213	209	209	211	212	203	210	210	207	214	192	125	69	80	144	174	180	177	176	158	164	170	169	167	168	172	179	187	192
184	194	202	207	204	200	211	190	76	46	42	39	92	60	21	7	9	14	5	9	19	32	47	61	74	79	87	89	92	97	101	107	110	112	116	121	127	132	138	148	163	173	174	178	181	182	181	184	192	198	200	201	199	201	203	206	209	212	223	223	224	226	228	229	229	230	228	224	220	215	211	209	209	209	199	206	209	208	213	204	144	64	84	132	198	212	200	207	189	195	205	204	204	204	204	205	205	206
193	200	202	213	207	196	210	181	54	53	46	40	68	50	3	27	7	5	5	10	23	36	50	64	73	76	88	90	93	97	102	106	108	110	112	116	121	125	132	145	163	175	171	176	181	183	183	186	192	198	204	203	205	206	208	211	213	214	223	224	225	226	228	230	230	230	231	229	225	221	217	213	212	211	201	203	207	211	208	202	160	78	82	102	205	216	208	215	212	217	213	215	217	218	216	213	209	207
189	194	202	200	194	182	186	134	33	80	82	37	37	41	17	30	4	7	6	11	23	37	51	62	71	75	89	91	93	97	101	104	106	107	113	116	122	126	132	145	163	175	171	178	185	188	189	191	197	202	208	210	212	214	216	218	220	220	222	222	224	225	227	228	228	229	232	232	229	227	224	220	217	216	209	206	207	214	201	192	170	100	50	54	194	212	220	214	219	211	211	213	218	220	220	216	211	208
163	167	174	158	163	164	163	95	56	151	83	60	62	34	25	12	18	20	8	13	21	32	45	58	68	74	91	92	94	97	100	103	105	106	112	117	124	129	135	145	160	170	172	179	188	193	196	197	203	206	211	213	217	220	223	222	223	222	219	219	220	222	224	224	225	226	227	228	228	228	227	224	221	218	213	213	207	213	199	189	176	112	49	38	176	200	211	198	207	191	197	199	203	206	206	203	200	197
139	141	151	132	144	141	143	77	74	152	40	44	28	3	16	13	23	5	10	11	17	26	38	53	66	73	91	93	94	97	99	102	104	105	110	116	125	131	136	142	153	160	170	178	188	194	197	198	204	207	209	212	218	222	224	223	222	221	215	216	217	218	220	220	222	222	217	219	221	224	225	223	220	217	212	224	209	210	204	199	180	104	76	53	153	188	188	185	196	185	185	186	186	186	185	183	181	179
138	140	153	143	155	140	149	94	94	122	42	58	24	35	25	8	9	22	12	11	14	21	34	49	64	73	92	94	94	97	99	101	103	104	107	115	125	131	136	139	147	152	167	176	187	194	197	198	203	206	206	210	216	220	222	222	220	218	213	213	214	215	217	218	219	220	208	211	216	219	221	220	218	216	210	230	210	206	210	211	183	91	82	60	137	191	180	191	198	193	188	187	185	182	179	177	175	174
140	142	144	157	156	145	151	92	77	103	76	24	42	34	35	22	10	30	10	6	9	21	32	41	54	67	88	89	92	98	102	104	102	100	113	114	119	125	135	142	148	150	171	180	189	193	192	191	197	203	208	206	207	213	222	227	228	226	216	211	214	221	216	206	205	207	204	214	203	214	218	213	228	222	222	212	228	210	211	205	179	125	76	47	101	199	192	200	186	194	188	187	185	182	179	176	174	173
140	142	146	152	153	147	159	95	114	93	59	41	33	26	13	18	19	20	16	11	12	23	32	38	50	62	86	89	95	99	100	100	100	101	105	110	117	120	123	131	145	155	168	177	187	192	192	192	194	199	193	191	194	201	209	213	210	207	208	207	210	214	211	208	208	210	214	215	205	201	195	190	197	197	183	211	212	226	229	197	196	135	73	43	75	184	189	202	192	194	189	187	185	183	180	177	176	174
141	143	153	150	149	142	153	80	112	57	40	45	26	31	7	13	17	7	21	15	15	24	32	37	48	58	81	90	99	101	96	95	99	104	104	112	121	121	121	131	153	171	165	174	185	192	194	192	193	193	181	180	184	193	202	206	204	200	200	202	202	202	205	204	199	194	198	189	188	180	172	163	140	130	124	159	153	174	213	209	202	142	70	43	47	170	187	204	198	192	190	189	188	186	183	181	180	179
140	144	148	146	150	148	161	98	99	75	39	35	35	44	21	12	7	4	19	14	15	26	34	40	50	62	77	89	100	101	93	90	97	106	112	117	122	121	122	132	151	166	158	166	176	185	188	187	185	182	178	176	176	181	191	199	201	200	197	200	194	192	198	190	165	147	127	115	120	105	98	101	84	89	78	97	107	101	161	217	199	185	70	52	36	166	190	202	198	189	191	191	189	188	186	185	184	183
140	144	143	146	152	150	161	117	48	96	61	36	55	37	27	20	6	8	15	10	13	24	35	44	55	68	76	88	99	100	92	90	96	105	111	113	116	121	128	136	146	151	154	159	167	175	181	182	179	175	180	173	167	167	176	185	192	194	199	199	188	186	190	164	118	93	78	78	92	75	60	56	45	58	23	45	65	57	90	135	148	203	78	68	42	165	197	197	195	187	192	192	191	191	190	189	188	188
140	144	141	147	152	147	152	129	2	96	94	56	66	20	17	27	18	17	13	9	12	25	36	46	59	71	78	86	95	97	93	92	95	101	99	105	117	132	146	152	154	152	151	152	155	161	169	172	171	169	171	165	160	161	170	181	187	190	197	198	186	182	176	131	80	66	46	38	38	33	34	37	30	30	43	66	64	92	91	76	116	190	96	78	47	152	202	195	194	189	194	193	193	193	193	192	192	192
141	145	139	143	151	149	159	157	6	105	121	75	52	24	15	24	22	21	18	13	15	26	36	45	57	68	81	84	90	94	95	95	95	96	94	108	129	142	145	136	128	123	109	105	103	108	117	123	125	124	115	117	125	140	159	173	180	181	187	194	187	180	159	101	64	78	50	40	25	37	63	88	110	113	95	95	86	119	108	78	87	142	118	78	40	126	200	197	197	195	195	194	194	195	195	195	195	196
141	145	144	144	148	142	152	156	5	78	134	82	32	43	25	16	16	21	24	18	19	28	36	41	51	63	82	83	87	91	95	97	96	94	101	120	138	138	116	87	64	54	46	40	34	36	47	57	61	60	42	53	76	107	136	156	164	165	178	190	189	179	147	84	62	101	34	67	85	117	129	128	148	147	145	126	142	140	123	123	83	129	132	75	31	103	196	200	201	202	195	195	195	196	196	197	197	197
139	143	139	143	138	145	156	169	79	2	128	81	27	57	28	26	20	22	30	10	17	20	35	33	55	81	77	83	93	92	98	98	86	96	104	131	104	64	62	46	25	39	21	17	31	37	32	46	56	38	30	42	55	63	105	152	164	175	180	202	190	182	131	102	94	87	133	113	120	78	76	73	58	79	85	118	137	146	152	132	112	118	158	60	35	113	212	205	200	198	196	197	198	199	200	201	202	203
137	140	139	142	146	149	153	156	123	2	77	103	58	36	6	20	25	33	32	15	21	23	38	36	61	84	85	84	89	89	97	96	86	102	137	122	66	26	35	28	7	7	12	17	13	8	15	18	9	3	24	29	36	43	79	120	140	162	192	212	207	197	156	126	123	118	108	94	57	74	75	100	152	160	164	115	96	120	141	146	141	128	152	66	43	118	202	193	193	197	195	195	196	197	198	199	200	201
136	137	139	140	153	153	150	144	169	6	50	144	94	38	12	21	19	21	33	21	24	25	38	38	67	91	94	88	88	87	95	95	85	101	98	60	17	12	27	19	6	8	29	63	70	67	78	72	61	70	50	44	45	47	72	101	123	160	198	215	221	206	176	135	130	126	128	44	62	112	116	119	123	120	135	166	153	125	139	161	158	150	154	92	79	158	223	206	198	197	192	192	193	194	196	197	198	198
136	135	142	140	156	153	150	144	181	46	15	133	63	31	22	19	16	19	29	24	24	24	35	36	72	93	92	94	95	86	93	99	82	85	43	21	14	20	12	6	28	70	100	132	147	143	135	113	90	84	80	66	63	64	77	89	109	153	185	206	227	213	193	140	123	120	86	70	104	68	29	13	84	17	21	40	116	163	144	154	185	175	174	127	107	187	236	220	207	200	190	191	192	193	194	195	196	196
138	135	146	142	154	150	153	153	160	100	5	114	55	42	21	7	16	23	22	24	21	20	30	31	77	94	87	99	102	86	92	100	73	59	18	20	29	25	17	39	94	141	143	130	122	114	102	99	88	60	74	58	55	56	64	69	84	129	169	196	231	226	211	152	120	120	65	121	89	111	66	9	143	18	90	51	18	52	130	176	191	206	197	151	104	176	213	211	205	199	190	191	192	193	194	195	196	196
143	137	150	145	151	146	154	156	139	146	3	85	104	72	25	2	10	12	18	27	19	18	27	29	82	97	92	102	104	88	92	91	58	39	17	28	39	53	85	121	128	107	66	63	88	110	112	126	126	93	64	45	38	38	49	58	71	111	162	192	229	231	213	154	107	113	144	56	101	110	95	116	104	122	109	101	113	108	90	122	169	172	209	175	116	185	206	209	202	194	192	192	193	194	196	197	198	198
147	141	152	149	150	142	152	148	138	166	19	16	132	63	25	7	7	9	18	32	22	20	29	30	89	104	108	100	96	88	89	76	40	32	34	42	64	100	128	116	75	44	57	91	135	162	166	160	145	124	82	58	39	29	41	55	67	101	152	185	220	232	216	170	120	140	125	130	144	147	135	154	145	132	157	150	139	155	182	177	184	224	213	199	143	213	215	214	205	196	195	195	196	197	198	199	200	201
150	144	153	151	151	140	150	138	148	170	107	2	148	42	25	13	7	15	21	36	26	24	31	34	95	108	123	98	88	87	88	62	28	34	29	43	80	117	99	39	32	77	102	102	69	37	40	46	52	71	107	77	45	23	32	49	61	90	140	176	212	236	232	207	164	198	187	179	156	117	137	160	176	173	170	178	170	164	187	215	219	209	219	214	155	218	206	207	206	207	196	197	198	199	200	201	202	203
136	137	139	143	147	147	145	147	154	158	149	5	99	58	7	16	5	4	33	10	24	27	26	32	93	133	121	103	79	85	94	57	30	51	76	96	111	101	43	50	70	81	63	25	55	5	151	62	147	87	11	70	83	49	31	35	59	97	144	181	214	229	231	212	182	166	159	150	138	129	130	143	157	167	160	166	176	188	200	210	216	219	217	226	188	194	206	209	194	200	201	201	201	201	201	201	201	201
135	137	137	141	145	146	144	145	151	156	176	51	62	112	46	9	5	21	21	22	31	27	23	40	91	126	132	120	94	82	77	47	35	64	95	104	101	48	66	63	57	12	81	73	62	56	76	64	98	83	70	74	71	76	72	41	44	93	136	175	208	227	233	220	194	179	173	165	154	146	146	153	164	171	171	176	184	192	200	205	209	211	216	222	192	198	202	205	197	201	201	201	201	201	201	201	201	201
133	135	134	139	144	144	142	142	147	150	184	115	8	116	23	9	9	21	10	26	32	33	27	40	75	123	137	133	107	78	61	44	53	87	112	112	77	53	40	21	14	38	82	71	84	109	107	128	140	125	90	92	85	80	73	51	54	90	128	166	201	224	235	230	208	194	188	184	178	173	171	174	177	181	189	191	196	200	204	205	206	205	215	219	199	202	198	199	201	202	201	201	201	201	201	201	201	201
132	133	132	137	143	144	141	139	143	145	159	158	14	43	64	22	12	27	7	19	20	41	35	29	51	121	132	133	111	78	61	58	75	104	94	102	56	33	18	50	49	63	78	60	103	109	140	134	122	93	77	93	87	68	61	61	72	93	125	161	195	221	237	235	215	202	198	199	197	197	197	198	198	199	205	207	210	213	213	213	212	211	215	216	204	205	197	194	205	203	201	201	201	201	201	201	201	201
130	132	131	138	144	146	141	138	140	141	134	171	102	8	189	59	26	51	5	15	12	37	36	24	38	108	132	131	111	84	73	74	84	98	66	59	73	50	63	72	103	88	111	120	136	131	131	124	86	92	87	79	79	87	84	64	68	97	125	160	192	217	237	236	217	204	201	203	208	212	215	215	216	216	216	219	222	225	225	225	224	223	216	215	207	204	199	193	206	202	201	201	201	201	201	201	201	201
128	130	133	140	147	149	144	140	139	139	135	164	177	76	190	102	80	57	6	17	15	26	33	28	41	92	138	131	114	95	85	82	82	85	75	69	103	117	89	71	101	120	107	116	115	101	113	119	103	129	102	103	115	124	103	67	65	91	124	155	186	211	235	236	217	203	201	204	211	217	221	223	223	224	224	226	230	232	232	232	231	229	218	217	205	198	205	196	205	202	201	201	201	201	201	201	201	201
127	128	135	143	151	153	147	142	140	139	150	165	195	163	131	88	108	69	17	15	16	25	41	30	47	87	137	124	112	101	90	83	84	85	105	123	112	118	97	129	117	105	121	109	114	107	137	141	148	148	130	148	159	137	98	74	75	82	116	148	176	205	233	237	219	205	204	206	211	215	218	219	220	220	229	231	233	232	232	230	228	226	220	220	202	191	213	200	203	200	201	201	201	201	201	201	201	201
126	128	137	144	153	155	150	143	141	139	162	180	194	190	160	31	81	105	35	12	13	31	52	25	48	93	127	116	110	103	91	84	90	98	122	114	109	111	151	135	127	131	135	129	133	166	153	172	160	140	175	169	156	129	98	83	81	81	110	141	170	200	231	238	222	208	208	208	210	212	213	214	214	215	232	233	233	232	229	226	222	219	220	222	198	186	218	203	203	201	201	201	201	201	201	201	201	201
126	131	142	141	146	151	148	143	147	157	163	186	199	213	222	105	19	106	84	62	37	22	39	35	35	105	140	139	118	120	87	62	100	102	101	109	124	136	142	141	137	133	149	160	172	178	176	174	176	180	187	176	165	147	118	89	79	86	94	122	157	190	222	239	234	216	202	218	225	220	220	227	225	214	216	223	229	229	222	217	217	219	233	220	210	178	200	207	208	214	200	200	200	200	200	200	200	200
126	131	138	137	141	146	144	138	142	152	166	186	206	222	230	164	22	115	77	74	76	63	24	27	69	112	151	138	117	114	91	75	98	96	111	113	119	127	138	151	162	169	176	185	193	195	191	189	190	193	188	176	160	144	124	103	89	86	104	127	156	182	210	230	233	223	215	212	209	207	209	212	212	209	212	220	224	224	224	226	224	221	226	218	217	193	204	207	207	207	197	197	197	197	197	197	197	197
127	132	134	133	137	142	140	134	138	148	163	182	208	224	230	224	30	118	74	40	98	91	73	27	50	100	160	138	119	109	96	89	93	90	112	113	117	127	144	166	187	200	189	194	197	196	191	188	188	190	185	178	159	135	115	102	91	83	116	135	159	178	199	218	231	233	224	219	220	217	197	176	186	211	212	220	220	214	217	227	230	223	218	215	228	210	206	206	204	197	194	194	194	194	194	194	194	194
127	133	135	134	138	143	141	135	139	149	156	183	206	213	220	243	52	114	73	48	66	102	91	102	13	83	156	138	127	111	99	95	88	89	101	107	121	139	160	179	195	203	197	199	199	198	195	193	192	193	182	179	158	122	96	89	88	86	123	141	164	183	198	213	228	236	228	224	231	231	192	146	148	181	200	212	216	208	207	220	227	223	215	213	231	218	202	205	203	196	195	195	195	195	195	195	195	195
128	134	140	139	143	148	146	140	144	153	160	191	207	205	216	233	100	113	90	80	85	34	98	112	93	61	138	138	137	118	101	92	84	90	93	104	124	146	167	182	191	196	194	194	196	197	197	196	193	190	177	167	141	110	97	101	104	100	122	139	167	190	204	213	224	233	230	219	225	231	200	145	123	133	158	181	202	207	209	214	218	218	215	212	225	212	193	204	203	200	198	198	198	198	198	198	198	198
129	135	144	143	147	153	150	145	149	158	171	197	212	211	218	226	160	121	83	99	66	43	62	85	153	58	112	137	142	126	105	86	82	87	94	104	122	143	163	178	187	192	190	191	194	198	200	196	188	181	163	137	110	101	117	133	130	116	117	131	158	187	205	212	218	225	224	222	228	231	208	165	138	134	119	141	172	198	209	210	209	210	211	209	211	203	189	205	200	203	199	199	199	199	199	199	199	199
130	136	145	144	148	154	151	146	150	159	179	186	212	221	223	233	207	126	83	69	63	59	90	51	145	80	90	133	137	130	113	85	83	80	93	103	122	143	163	178	187	192	199	199	203	209	210	202	188	175	133	102	83	100	134	148	133	113	111	118	140	174	198	206	210	216	205	210	212	208	199	186	173	165	125	121	135	166	191	195	197	203	203	205	199	195	192	210	195	201	196	196	196	196	196	196	196	196
130	136	144	143	148	153	150	145	149	158	178	169	206	226	223	243	228	125	93	74	54	83	100	97	99	122	79	131	130	133	120	86	85	71	86	100	123	150	170	182	187	190	193	193	198	203	203	191	170	155	105	80	72	100	135	140	120	101	108	108	126	162	190	201	205	211	187	180	166	162	181	199	192	167	155	122	108	134	166	178	186	199	194	201	191	192	196	215	191	197	193	193	193	193	193	193	193	193
130	137	138	138	142	148	147	142	147	156	168	188	203	217	228	240	222	161	69	88	58	119	109	79	110	120	55	110	136	131	110	94	91	68	90	107	127	139	165	179	173	185	180	200	200	197	193	186	169	135	111	82	59	58	108	118	130	136	120	116	111	133	174	174	196	183	182	155	110	197	187	198	199	177	170	157	131	101	144	162	177	176	180	184	190	179	172	231	232	216	229	222	213	208	205	200	193	187
130	137	138	137	142	148	146	142	147	156	163	193	210	217	220	231	236	211	89	85	73	100	113	86	81	132	63	87	116	118	121	109	95	76	95	108	128	137	161	175	169	181	182	189	203	186	195	159	161	134	127	112	80	47	85	120	118	80	99	103	116	124	161	155	156	177	168	113	94	156	186	206	185	158	170	154	122	111	106	145	160	167	167	178	188	174	184	242	253	249	240	239	240	246	250	251	249	245
130	137	137	137	141	147	146	141	146	155	173	195	200	209	220	224	230	221	90	84	63	76	94	115	86	129	77	66	103	110	130	116	90	87	103	109	126	136	155	166	163	174	176	182	194	183	185	146	157	146	121	106	96	67	46	31	47	57	49	55	71	76	140	170	150	163	142	63	133	161	137	164	193	167	161	142	116	106	71	106	139	153	168	177	177	157	186	218	210	190	199	189	177	173	179	188	196	200
130	137	136	136	140	146	145	140	145	154	171	190	191	211	234	232	232	230	112	103	80	85	49	112	96	91	94	58	102	110	132	114	82	98	111	109	124	135	147	158	155	169	167	185	179	186	164	158	160	164	133	118	97	60	36	40	41	18	42	71	82	54	82	140	160	166	89	78	122	130	179	170	129	132	139	124	110	80	60	67	113	147	161	184	183	148	171	188	202	208	191	193	199	208	215	213	205	197
130	137	135	135	140	145	144	139	144	153	166	187	193	214	230	221	226	233	158	85	131	114	42	96	98	87	101	53	90	102	128	122	83	104	117	107	120	132	140	149	151	165	171	192	173	171	146	158	160	155	117	105	94	74	40	32	38	36	54	85	96	100	105	143	158	114	108	91	75	81	133	140	116	107	106	113	89	61	55	50	82	144	172	187	166	132	161	165	165	160	173	167	160	159	164	170	172	172
130	137	134	134	139	145	143	138	143	153	174	188	191	214	230	230	235	233	206	61	163	121	93	103	91	101	95	47	65	86	117	134	90	99	121	103	116	129	134	143	149	166	183	184	160	133	131	132	139	114	100	53	30	56	51	31	20	35	46	51	61	120	143	147	125	57	87	64	96	137	105	113	134	66	80	105	62	66	48	54	53	132	170	174	138	118	152	166	166	157	161	164	168	175	178	174	163	153
130	137	134	133	138	144	142	138	142	152	174	186	198	220	230	228	229	210	197	123	173	111	126	105	81	83	82	50	51	74	94	127	86	86	122	98	112	126	129	138	149	167	179	158	117	97	101	103	100	72	35	58	56	44	20	28	33	48	40	48	45	73	81	77	61	69	79	90	88	100	123	125	121	95	76	86	52	74	50	54	45	109	175	189	143	105	86	92	118	138	128	119	109	107	116	129	140	145
130	137	133	133	138	144	142	137	142	152	165	193	217	219	184	154	146	120	114	199	167	103	119	101	97	83	71	60	52	70	71	108	74	74	122	96	109	124	126	137	149	167	164	135	69	81	72	91	68	51	44	47	32	43	40	41	31	51	27	44	35	35	58	64	23	60	57	73	93	88	109	115	121	111	82	68	58	73	58	44	48	85	166	174	133	131	128	130	114	93	101	89	74	68	72	82	90	95
131	121	118	127	128	136	134	121	149	198	203	205	190	161	135	105	55	7	9	103	178	101	112	105	89	92	72	73	33	60	62	92	112	63	102	112	104	101	133	134	160	173	156	23	37	39	55	48	38	45	37	21	36	18	28	64	61	58	60	69	53	41	55	87	38	53	42	130	100	145	115	141	134	137	112	114	96	67	74	56	41	82	144	190	101	140	238	174	127	132	139	134	129	128	132	140	144	147
121	126	125	122	133	135	143	196	219	172	155	146	113	70	48	47	41	25	26	10	138	117	133	113	89	104	81	52	64	63	57	83	65	53	91	100	86	93	110	133	161	177	72	17	45	32	34	41	36	28	28	19	28	21	42	41	64	62	75	61	44	46	94	126	91	108	110	147	158	150	146	114	123	52	59	43	65	98	74	69	41	110	191	121	152	107	213	253	131	216	246	197	130	88	79	90	99	101
109	114	126	101	141	203	220	204	149	75	58	70	71	56	46	44	35	21	11	12	35	107	107	100	109	81	93	53	84	57	55	81	61	56	78	92	82	97	96	132	149	143	19	18	51	49	36	30	36	49	35	51	37	67	63	58	84	102	121	116	112	116	161	173	139	154	148	134	130	106	167	157	164	40	26	18	83	124	72	74	68	152	165	148	105	169	246	239	225	245	246	253	253	230	156	77	24	3
103	101	107	184	230	192	138	100	69	65	63	69	67	56	48	43	32	17	30	7	10	4	40	55	79	88	54	52	86	55	54	67	82	60	71	85	81	85	87	135	152	112	16	33	38	43	44	40	43	55	77	98	93	105	103	89	114	126	119	131	117	104	109	120	104	141	156	114	187	153	227	193	211	6	9	56	141	132	80	68	108	170	162	117	110	220	251	243	215	251	251	242	237	249	253	253	219	183
114	140	204	206	166	91	78	101	78	55	85	70	46	28	25	30	29	22	6	16	2	15	4	7	6	41	11	20	86	60	54	50	64	54	70	78	75	54	75	136	172	116	14	46	38	44	77	96	93	78	55	56	72	42	70	58	72	49	61	87	84	128	142	172	164	223	226	176	230	223	200	211	226	39	10	119	171	145	96	76	127	158	167	122	96	241	247	235	223	241	249	249	250	249	248	245	240	238
152	207	211	121	101	99	83	82	65	51	56	43	29	25	30	32	24	13	17	18	12	12	10	21	142	158	52	8	74	53	60	62	39	57	65	77	79	52	71	121	163	116	41	58	62	66	69	28	11	13	34	50	41	57	53	115	92	57	128	137	121	201	215	221	173	216	243	232	217	225	247	209	115	5	96	190	173	165	102	90	130	158	150	122	140	242	235	243	224	243	242	241	240	242	246	250	254	254
195	194	139	88	96	82	56	67	54	37	52	42	33	30	29	27	22	17	35	16	31	10	15	106	125	145	107	24	56	47	60	63	43	62	59	75	79	68	63	94	137	126	68	50	78	105	108	20	9	30	32	82	57	129	82	181	169	137	196	199	160	208	221	230	194	225	202	248	247	154	167	6	5	64	188	216	176	167	97	92	139	168	128	119	185	242	244	233	222	245	251	249	247	247	249	249	248	245
216	113	105	98	91	49	48	66	42	50	32	32	33	34	34	31	32	34	29	27	3	3	94	130	122	103	92	52	51	56	50	32	53	55	53	68	65	69	46	74	128	162	130	82	97	119	144	62	12	15	36	97	107	151	123	165	221	177	180	215	191	199	208	229	214	229	238	192	72	76	7	6	8	159	202	185	180	156	95	86	149	169	141	110	194	226	253	225	214	243	247	242	237	239	247	250	248	244
136	144	101	81	56	43	41	42	37	30	25	21	51	37	45	28	54	44	4	17	82	158	178	145	109	90	83	62	45	70	58	56	57	50	47	42	70	63	64	52	87	157	141	135	88	65	81	148	117	9	9	69	127	118	158	116	216	178	155	201	160	212	205	160	51	57	31	23	113	130	19	9	88	181	208	193	193	165	79	96	151	168	134	93	183	203	215	216	231	235	246	246	246	245	243	242	240	239
129	102	90	71	49	35	35	41	46	47	44	52	58	37	36	38	34	6	9	53	109	120	108	133	140	97	70	54	33	53	42	40	54	70	38	41	71	79	79	59	65	111	160	134	111	70	112	117	131	116	62	8	7	38	69	10	51	16	11	35	9	20	14	18	23	61	74	159	125	118	77	57	137	205	182	180	184	148	75	89	143	161	129	132	193	162	160	176	232	236	245	245	245	244	243	242	240	239
107	65	63	56	48	41	38	39	39	39	25	28	23	24	10	1	1	2	15	24	5	2	20	56	78	94	61	56	40	61	45	25	30	57	44	45	57	74	76	67	56	84	149	165	107	88	98	134	109	134	121	106	28	6	5	6	29	26	41	29	19	36	61	97	125	113	134	145	141	166	185	104	194	204	188	190	184	125	69	79	131	147	92	184	197	131	87	158	242	246	243	243	243	242	242	241	240	239
64	57	44	44	44	40	34	28	23	23	12	11	6	19	15	1	5	44	15	2	40	79	48	19	31	37	42	45	36	67	64	38	31	55	48	46	39	62	70	77	63	77	110	146	107	65	109	126	126	102	106	104	99	68	8	8	36	28	43	53	70	98	110	126	144	127	134	160	206	226	147	179	211	189	186	197	193	132	97	94	121	118	83	248	226	165	60	167	231	227	240	240	240	240	240	240	239	239
39	50	42	39	34	27	23	21	24	28	11	17	13	7	26	28	32	39	72	106	109	99	93	53	23	42	44	40	23	58	67	49	32	43	36	46	40	68	81	86	64	59	95	123	90	79	96	91	133	110	91	114	116	116	114	58	12	16	22	51	56	93	104	130	156	187	186	224	231	184	147	217	199	191	198	198	180	120	101	106	128	120	111	252	251	234	121	193	230	229	236	237	237	238	239	239	239	239
59	37	43	39	35	35	35	38	39	40	50	51	54	47	54	49	54	60	82	90	100	89	72	76	64	25	43	34	17	52	64	54	26	12	31	49	45	64	78	78	65	52	73	102	64	92	64	80	114	105	110	99	102	102	100	95	85	45	158	179	149	185	189	209	195	213	214	200	194	163	219	187	201	207	210	200	172	119	93	99	116	111	158	211	247	254	205	213	243	247	232	233	234	236	237	238	238	239
71	57	63	56	52	55	61	62	56	50	63	59	57	66	51	60	80	108	84	102	82	58	59	53	56	88	29	24	13	48	63	68	46	14	24	45	41	42	61	64	76	68	42	53	70	49	75	71	105	93	107	116	84	97	117	106	109	132	121	159	154	186	170	189	180	190	168	195	197	211	187	187	199	200	195	196	186	155	106	95	94	86	202	155	208	239	217	216	237	236	229	231	232	234	236	238	238	239
51	99	100	84	67	62	68	74	71	66	77	81	60	65	55	123	154	166	152	119	74	47	43	42	50	69	55	42	21	41	47	64	57	24	9	33	35	30	55	59	87	81	58	61	73	64	56	68	55	105	122	134	92	100	99	117	127	122	163	181	166	173	149	187	205	199	219	212	207	194	189	198	180	168	205	198	181	151	87	87	106	119	195	106	152	190	183	227	242	235	229	230	231	233	235	237	238	239
77	106	95	74	58	52	90	85	75	75	76	99	59	47	126	174	159	159	160	156	139	113	92	80	62	46	52	60	42	17	57	61	54	48	13	13	16	27	42	58	73	82	64	58	47	58	47	55	62	83	102	105	108	100	91	118	108	118	128	157	180	205	196	199	190	191	181	186	175	177	189	189	172	170	180	191	181	150	125	74	66	172	210	227	55	142	157	234	246	231	237	232	220	226	223	226	245	227
72	90	65	61	83	81	89	95	90	83	93	64	93	150	167	175	180	161	149	142	134	125	114	103	94	90	67	72	53	25	55	59	54	49	39	20	13	26	40	46	56	68	40	33	36	40	46	49	67	85	86	103	127	107	95	108	127	153	128	137	145	156	155	162	163	167	177	177	174	171	154	137	153	187	193	169	163	138	126	71	69	188	208	247	127	55	166	222	239	241	236	233	219	224	225	226	239	229
72	67	75	93	68	95	103	77	92	109	91	110	165	195	167	144	147	142	138	128	122	123	114	98	93	98	85	86	64	34	50	56	54	50	55	35	17	18	29	40	47	51	36	28	35	27	38	31	52	63	78	93	120	96	88	80	96	110	137	139	151	159	170	166	165	160	141	129	134	138	132	129	160	190	197	157	150	123	120	69	87	196	200	244	216	45	185	224	230	233	234	233	217	220	227	225	231	231
195	77	89	98	81	92	99	120	117	108	161	177	178	151	125	121	130	132	134	128	124	117	104	89	85	88	93	91	70	42	42	52	57	53	50	49	31	9	13	39	49	40	44	38	39	28	29	24	36	43	67	69	87	93	111	108	101	89	104	93	96	88	102	99	118	126	102	93	109	122	145	167	191	186	184	168	152	122	113	64	119	190	202	214	253	130	190	235	232	229	232	230	215	216	227	224	223	233
168	166	108	65	119	137	113	129	98	133	154	150	181	197	162	131	128	120	132	138	138	124	111	107	106	103	94	92	75	51	35	49	60	54	49	58	47	20	10	27	39	35	37	42	36	37	27	36	40	48	53	55	59	95	118	133	120	107	79	68	69	56	58	47	71	89	99	97	126	141	168	181	203	193	171	181	156	139	114	55	144	184	205	195	244	188	186	237	235	241	232	224	213	214	226	223	217	232
172	173	189	153	87	119	153	110	77	101	128	130	136	157	170	150	134	144	137	150	150	131	118	116	116	111	97	95	84	64	32	49	59	52	60	58	55	44	25	14	18	30	33	44	36	40	25	41	40	46	47	56	52	83	86	100	110	120	112	107	113	109	99	78	87	103	112	98	124	145	178	170	188	191	164	178	154	154	113	56	155	185	188	188	227	185	206	235	229	241	234	216	212	215	221	220	214	231
139	179	164	241	175	124	104	61	97	93	101	109	82	92	162	178	137	120	147	153	152	137	119	108	108	110	107	105	99	80	34	47	58	46	58	54	56	59	44	20	14	23	34	43	41	32	23	29	30	29	44	54	55	77	82	88	120	139	135	123	114	117	105	98	106	128	120	106	125	140	183	166	174	176	157	164	153	144	96	79	163	185	187	175	224	176	229	239	228	230	236	208	212	217	217	218	214	228
155	144	174	120	208	188	106	101	111	86	96	83	87	87	86	127	167	165	153	152	152	147	129	109	111	122	117	115	111	93	37	48	56	42	46	49	55	58	52	39	26	19	29	34	41	20	22	17	26	19	52	53	56	73	96	90	123	129	128	121	118	143	137	133	125	138	127	139	161	154	189	170	172	166	148	154	156	123	76	107	171	182	212	161	223	179	229	244	239	231	237	203	212	218	214	217	215	227
122	148	137	167	140	179	202	130	89	74	70	79	84	101	95	125	138	146	172	156	146	145	140	123	113	113	124	109	113	109	42	35	48	55	56	58	60	59	55	47	40	34	12	22	32	35	31	24	19	17	20	41	25	43	91	81	112	127	119	99	99	129	148	141	137	140	159	157	170	166	184	164	192	163	167	178	125	101	84	169	176	189	179	153	214	166	222	225	230	237	235	203	196	210	210	210	218	221
19	103	137	138	173	145	163	220	165	105	88	78	76	84	123	113	123	145	152	154	156	154	141	123	114	112	130	117	120	113	62	34	50	50	56	58	60	59	56	48	39	36	28	25	22	23	25	25	20	16	30	35	28	55	86	57	83	104	97	110	129	134	140	154	162	171	177	171	166	160	170	170	179	161	155	157	135	90	84	173	175	185	181	152	196	171	224	227	231	235	228	209	200	205	209	215	217	215
36	40	89	148	118	154	159	131	194	186	110	88	90	90	115	123	135	119	137	150	162	160	149	136	122	110	129	122	132	121	92	32	52	47	55	57	60	60	56	49	42	37	39	30	20	15	16	19	20	19	33	29	22	43	55	39	79	101	137	121	155	143	174	164	173	176	185	175	159	157	168	180	147	125	154	123	115	72	108	175	168	183	181	150	169	180	227	230	233	232	219	215	203	200	210	218	213	209
92	26	11	63	140	133	141	159	134	179	191	151	122	121	77	67	76	100	137	149	158	158	161	157	139	117	119	122	140	127	116	28	50	50	54	56	59	60	57	50	44	40	36	35	29	20	11	11	17	24	26	29	26	30	27	38	83	93	147	114	161	123	186	158	162	136	148	149	147	135	147	159	118	106	135	117	96	48	129	173	170	183	174	144	147	191	229	232	234	228	216	213	199	198	214	216	207	210
69	59	37	10	34	109	138	144	163	149	133	210	192	144	128	142	127	146	142	152	158	159	163	167	156	139	111	119	141	132	132	35	39	56	51	55	59	61	58	53	47	43	34	35	35	29	20	16	18	20	21	26	33	38	26	41	72	74	97	118	165	121	160	167	167	123	135	151	166	139	148	157	146	151	105	127	85	41	141	170	181	183	158	135	139	203	229	232	233	226	216	204	190	198	215	211	205	218
93	74	81	60	27	9	37	99	146	158	177	119	170	214	178	126	134	112	137	149	159	161	161	163	164	164	121	122	135	136	143	56	24	54	50	54	58	61	60	54	49	45	37	34	32	33	34	31	23	17	22	14	19	37	28	42	65	81	81	118	132	146	144	168	154	134	118	130	140	122	135	145	132	113	115	99	55	77	172	168	175	183	135	124	147	214	228	231	230	225	216	195	182	195	210	208	211	226
140	78	108	91	71	33	36	25	24	124	150	161	146	143	200	167	128	136	131	137	150	161	163	161	163	170	150	132	126	138	154	86	8	43	49	52	58	61	60	56	50	46	38	36	34	37	39	37	31	25	19	10	8	25	23	47	61	81	88	93	76	139	134	131	122	126	102	114	107	116	123	141	118	73	119	58	58	137	181	168	171	180	113	114	163	222	226	229	226	225	213	189	179	188	198	211	224	231
112	100	116	115	107	83	63	41	8	3	81	131	162	163	149	195	183	125	129	126	136	157	169	165	162	163	177	142	119	139	161	108	2	33	48	52	58	61	61	57	51	47	35	39	42	40	35	33	35	39	12	20	20	25	24	53	47	46	83	86	70	115	128	107	129	126	66	93	80	103	86	121	118	84	84	48	111	177	148	168	182	174	99	107	175	226	225	227	224	225	209	188	179	181	189	214	235	231
133	122	117	119	118	110	93	68	45	28	10	51	126	161	170	146	177	210	134	136	135	137	149	166	174	170	174	159	139	126	155	146	4	29	53	53	47	53	72	67	52	58	46	46	32	54	31	36	17	28	40	23	18	17	33	55	54	58	70	70	92	109	137	102	132	134	78	97	86	90	104	99	97	86	40	133	168	133	175	177	190	179	84	113	199	229	226	221	237	225	205	193	167	173	208	216	215	234
130	110	126	129	132	129	119	102	85	75	57	14	1	97	147	174	150	159	200	165	141	148	155	152	156	170	161	181	154	117	150	169	38	21	39	52	60	67	58	60	71	50	49	51	42	55	39	43	29	33	34	27	30	24	25	32	27	33	44	61	68	77	100	104	117	96	108	87	94	83	80	41	32	47	106	165	171	158	182	184	184	155	71	115	204	235	233	226	234	213	204	186	164	176	212	224	218	225
133	129	130	133	136	138	135	129	122	118	97	72	31	9	61	138	175	159	156	173	185	178	159	146	148	154	162	167	176	153	128	175	112	26	33	45	50	70	71	59	66	55	55	59	58	56	51	51	44	40	29	27	35	28	24	23	12	15	39	61	58	64	71	92	92	72	87	70	61	37	44	30	70	73	133	162	150	167	174	181	176	126	65	125	207	233	231	229	232	204	194	181	174	190	216	226	223	223
141	144	127	128	130	132	133	132	131	129	126	109	93	37	23	23	102	162	161	155	160	178	186	173	153	141	158	151	181	190	135	162	155	76	24	44	49	55	75	67	52	69	59	64	70	55	61	56	58	44	34	26	30	27	31	36	22	20	18	25	25	33	27	26	28	34	46	53	16	19	41	67	147	125	133	153	148	175	173	179	176	103	71	143	207	224	223	227	230	203	176	179	192	206	213	219	223	225
142	135	136	136	136	135	134	132	131	130	130	119	108	127	68	25	16	68	147	164	162	150	163	191	186	157	145	169	165	182	178	166	154	145	46	36	63	48	51	75	63	74	63	67	77	59	69	61	66	51	40	29	30	24	27	36	33	38	32	22	31	34	37	23	31	46	70	72	58	84	89	115	148	140	139	152	160	173	176	172	154	56	78	162	211	224	222	226	224	197	159	174	196	206	206	208	213	214
138	143	152	152	152	151	148	145	142	142	132	145	147	140	122	101	52	10	30	104	161	163	154	170	186	185	152	170	157	171	186	178	172	169	128	31	44	62	49	72	75	71	70	71	80	69	76	68	71	63	47	42	44	28	20	27	34	52	39	26	36	33	51	59	64	69	96	100	127	125	108	149	119	132	145	152	163	166	179	174	126	26	88	181	217	234	231	225	214	190	153	174	192	198	203	204	201	201
132	148	151	153	158	160	160	158	155	153	156	147	157	137	151	118	107	78	28	19	62	141	175	155	155	184	169	167	163	169	170	178	190	173	187	89	37	57	64	62	74	78	80	78	83	82	86	77	77	76	59	55	56	38	28	35	44	63	50	46	51	53	64	97	96	103	95	112	123	119	113	139	122	130	154	162	170	175	179	179	104	40	107	199	220	238	232	219	207	193	159	192	206	205	210	206	201	208
