250	250	250	251	251	251	251	251	251	251	251	251	251	251	251	251	251	251	251	251	251	251	251	251	251	251	251	251	252	251	251	251	251	251	251	254	254	253	251	249	247	246	244	252	254	251	244	245	250	252	252	254	253	244	221	191	163	148	141	105	112	101	88	99	102	98	99	132	131	143	152	198	227	246	236	235	247	249	246	253	252	246	248	251	251	250	250	250	250	250	250	251	251	251	251	251	251	251	251	251	251	251	251	251	251	251	251	251	251	251	251	251	251	251	251	251	251	251	251	251	251	251	251	250	250	250	250
250	250	250	251	251	251	251	251	251	251	251	251	251	251	251	251	251	251	251	251	251	251	251	251	251	251	251	251	251	251	251	251	251	251	251	255	254	252	248	249	250	254	254	252	247	246	249	252	251	244	233	199	161	106	62	42	41	51	57	43	42	30	30	34	28	23	39	41	37	59	65	72	75	150	226	230	255	255	248	249	254	254	254	250	250	250	250	250	250	250	250	251	251	251	251	251	251	251	251	251	251	251	251	251	251	251	251	251	251	251	251	251	251	251	251	251	251	251	251	251	251	251	251	250	250	250	250
250	250	250	251	251	251	251	251	251	251	251	251	251	251	251	251	251	251	251	251	251	251	251	251	251	251	251	251	251	251	251	251	251	251	251	248	248	248	249	250	253	254	254	249	241	242	235	200	160	133	118	65	58	51	46	46	48	51	53	63	51	40	53	51	43	35	49	50	36	35	38	39	32	53	79	110	162	208	230	247	250	239	231	250	250	250	250	250	250	250	250	251	251	251	251	251	251	251	251	251	251	251	251	251	251	251	251	251	251	251	251	251	251	251	251	251	251	251	251	251	251	251	251	250	250	250	250
250	250	250	251	251	251	251	251	251	251	251	251	251	251	251	251	251	251	251	251	251	251	251	251	251	251	251	251	251	251	251	251	251	251	251	242	246	251	254	253	248	242	238	242	198	164	136	88	47	36	36	46	53	61	61	56	54	58	63	80	75	73	87	69	66	61	69	42	69	79	69	53	55	44	31	14	65	131	193	238	246	241	243	249	250	250	249	250	250	250	250	251	251	251	251	251	251	251	251	251	251	251	251	251	251	251	251	251	251	251	251	251	251	251	251	251	251	251	251	251	251	251	251	250	250	250	250
250	250	250	251	251	251	251	251	251	251	251	251	251	251	251	251	251	251	251	251	251	251	251	251	251	251	251	251	251	251	251	251	251	251	251	245	251	255	255	253	238	221	209	151	76	33	42	52	54	56	55	55	52	51	56	66	74	77	78	66	76	88	94	59	57	62	69	61	70	64	64	54	69	65	63	70	52	39	60	103	145	200	252	249	249	249	249	249	250	250	250	251	251	251	251	251	251	251	251	251	251	251	251	251	251	251	251	251	251	251	251	251	251	251	251	251	251	251	251	251	251	251	251	250	250	250	250
251	251	251	251	251	251	251	251	251	251	251	251	251	251	251	251	251	251	251	251	251	251	251	251	251	251	251	251	250	244	254	251	248	254	247	244	239	254	254	245	205	150	75	41	54	64	68	71	73	66	55	68	60	74	99	72	84	85	67	64	71	72	77	86	77	61	56	62	72	78	77	78	80	74	66	84	97	70	56	48	59	83	146	227	248	247	239	248	253	249	253	254	255	254	254	251	238	240	255	251	251	251	251	251	251	251	251	251	251	251	251	251	251	251	251	250	250	250	250	250	250	250	250	250	250	250	250
251	251	251	251	251	251	251	251	251	251	251	251	251	251	251	251	251	251	251	251	251	251	251	251	251	251	251	249	255	254	248	251	254	248	238	252	241	245	225	177	96	68	70	58	69	77	78	80	83	79	69	81	82	87	94	84	81	71	63	67	84	93	93	96	87	83	90	88	94	97	92	91	91	87	77	65	82	79	71	84	78	59	52	117	178	230	248	250	241	238	248	248	247	244	245	249	247	248	255	251	251	251	251	251	251	251	251	251	251	251	251	251	251	251	251	250	250	250	250	250	250	250	250	250	250	250	250
251	251	251	251	251	251	251	251	251	251	251	251	251	251	251	251	251	251	251	251	251	251	251	251	251	251	251	254	234	245	254	242	240	251	253	230	252	248	145	73	46	69	84	77	84	87	84	85	89	88	81	63	74	80	81	100	92	86	89	91	97	96	97	107	104	99	102	105	108	107	97	94	94	91	84	72	74	81	66	85	85	94	84	71	36	99	202	237	253	253	238	251	252	254	254	252	253	251	245	251	251	251	251	251	251	251	251	251	251	251	251	251	251	251	251	250	250	250	250	250	250	250	250	250	250	250	250
251	251	251	251	251	251	251	251	251	251	251	251	251	251	251	251	251	251	251	251	251	251	251	251	251	251	251	254	252	244	250	254	253	252	227	247	240	186	79	44	76	106	77	87	92	91	85	86	91	92	88	80	82	93	88	101	89	90	84	108	108	98	96	107	106	98	99	124	127	123	113	109	113	111	106	107	91	95	90	84	79	102	113	122	107	62	52	119	202	243	253	249	251	255	255	253	249	249	245	251	251	251	251	251	251	251	251	251	251	251	251	251	251	251	251	250	250	250	250	250	250	250	250	250	250	250	250
251	251	251	251	251	251	251	251	251	251	251	251	251	251	251	251	251	251	251	251	251	251	251	251	251	251	251	244	253	245	254	254	238	248	251	231	114	68	84	106	105	111	85	97	101	99	92	93	100	102	99	119	102	119	114	104	94	104	82	107	116	112	106	105	101	102	114	126	130	128	120	120	126	127	122	134	104	88	95	83	93	97	95	115	130	134	95	56	95	188	249	246	245	246	249	249	248	249	252	251	251	251	251	251	251	251	251	251	251	251	251	251	251	251	251	250	250	250	250	250	250	250	250	250	250	250	250
251	251	251	251	251	251	251	251	251	251	251	251	251	251	251	251	251	251	251	251	251	251	251	251	251	251	251	253	238	242	254	247	239	252	220	121	51	72	126	130	103	114	112	109	114	113	108	109	116	119	114	132	113	133	139	121	123	137	114	116	123	120	118	124	124	123	131	120	127	128	125	126	133	133	128	129	113	92	93	84	116	117	106	106	116	105	110	114	72	100	214	243	255	250	244	252	253	249	254	251	251	251	251	251	251	251	251	251	251	251	251	251	251	251	251	250	250	250	250	250	250	250	250	250	250	250	250
251	251	251	251	251	251	251	251	251	251	251	251	251	251	251	251	251	251	251	251	251	251	251	251	251	251	251	253	236	253	247	246	253	184	53	80	106	144	133	113	98	111	109	114	121	124	121	123	130	131	124	138	133	139	147	135	141	144	136	133	134	128	130	145	145	138	136	132	139	145	142	145	148	146	138	124	127	129	124	114	120	117	104	116	104	108	123	130	128	99	58	173	239	255	246	254	255	247	251	251	251	251	251	251	251	251	251	251	251	251	251	251	251	251	251	250	250	250	250	250	250	250	250	250	250	250	250
251	251	251	251	251	251	251	251	251	251	251	250	250	250	251	251	251	251	251	251	251	251	251	251	251	251	251	244	249	250	228	253	175	30	79	129	138	124	104	127	118	108	108	112	121	126	125	128	135	134	127	127	138	130	140	140	148	138	148	135	146	146	144	145	138	133	140	131	141	147	146	146	148	142	132	143	129	130	123	127	109	116	118	106	114	117	107	105	134	137	104	62	187	251	240	246	252	245	253	251	251	251	251	251	251	251	251	251	251	251	251	251	251	251	251	250	250	250	250	250	250	250	250	250	250	250	250
251	251	251	251	251	251	251	251	251	251	250	250	250	250	250	251	251	251	252	249	254	244	250	254	252	254	237	246	242	244	253	186	36	115	128	126	121	114	110	109	111	117	120	114	118	125	133	139	144	146	146	145	145	145	144	145	144	144	144	147	147	147	148	148	149	149	149	145	144	144	144	143	143	143	143	143	141	138	133	129	125	121	120	112	110	107	106	110	116	123	128	128	70	181	243	249	241	248	243	253	254	254	240	246	254	246	254	250	250	250	250	250	250	250	250	250	250	250	250	250	250	250	250	250	250	250	250
251	251	251	251	251	251	251	251	251	251	250	250	249	250	250	251	251	252	252	254	243	250	254	242	241	249	250	254	240	234	95	60	117	130	128	123	119	115	111	110	113	118	121	118	122	128	135	141	144	145	146	147	147	146	146	146	146	145	145	149	149	150	150	150	151	151	151	150	149	149	149	148	148	148	147	144	142	139	135	131	127	124	122	114	111	108	106	108	114	119	122	136	155	65	204	240	247	244	254	243	242	254	250	248	250	244	254	250	250	250	250	250	250	250	250	250	250	250	250	250	250	250	250	250	250	250	250
251	251	251	251	251	251	251	251	251	251	250	250	249	250	250	251	251	252	252	254	246	254	246	249	254	242	246	245	242	100	57	124	128	130	118	121	118	115	113	113	116	120	123	125	129	134	139	143	145	145	145	149	149	148	149	149	150	150	150	153	153	154	154	155	155	155	155	156	155	155	155	154	154	154	153	148	146	143	139	134	130	127	126	119	116	112	108	108	109	113	115	134	132	153	66	221	248	246	252	254	251	254	249	247	252	249	251	250	250	250	250	250	250	250	250	250	250	250	250	250	250	250	250	250	250	250	250
251	251	251	251	251	251	251	251	251	251	250	250	249	250	250	251	251	252	252	238	254	254	242	254	254	238	253	249	97	60	128	146	119	124	125	118	117	116	114	116	119	124	126	133	135	139	143	146	147	146	145	152	152	152	153	154	155	155	156	159	159	159	160	160	160	161	161	159	159	159	158	158	158	157	157	153	151	148	144	139	135	132	130	125	122	116	112	108	108	108	108	113	120	140	167	70	215	253	241	252	254	255	247	243	254	253	243	250	250	250	250	250	250	250	250	250	250	250	250	250	250	250	250	250	250	250	250
251	251	251	251	251	251	251	251	251	251	250	250	249	250	250	251	251	252	252	246	254	249	255	255	242	249	252	138	34	124	140	115	123	112	114	117	116	115	117	120	123	128	130	139	141	145	148	150	151	149	148	155	156	157	159	159	160	162	162	165	166	166	166	167	167	167	168	162	162	162	162	161	161	160	159	159	157	154	150	145	141	138	136	131	128	122	116	112	109	106	106	116	101	129	148	140	83	216	253	230	244	251	252	247	244	248	248	250	250	250	250	250	250	250	250	250	250	250	250	250	250	250	250	250	250	250	250
251	251	251	251	251	251	251	251	251	251	250	250	250	250	250	251	251	252	252	253	246	247	255	241	252	251	159	31	98	135	127	138	111	112	96	113	115	116	120	123	128	132	134	142	145	148	152	154	155	153	153	158	159	161	163	164	166	167	169	171	170	171	171	172	171	173	172	166	165	166	164	165	163	164	164	164	163	159	154	150	145	143	141	135	133	128	122	117	111	108	106	96	126	107	116	155	138	98	230	253	254	242	248	254	247	246	254	250	250	250	250	250	250	250	250	250	250	250	250	250	250	250	250	250	250	250	250
251	251	251	251	251	251	251	251	251	251	250	250	250	250	250	251	251	252	252	251	248	250	248	250	252	184	59	86	97	130	129	110	116	122	108	111	113	117	122	127	130	133	135	143	145	149	154	157	158	158	158	161	162	164	165	168	170	173	173	175	175	175	176	176	177	177	177	172	172	172	171	171	170	170	170	168	167	162	158	155	149	147	146	139	137	133	127	122	115	110	108	101	112	120	114	124	142	143	116	235	253	245	242	254	254	250	252	250	250	250	250	250	250	250	250	250	250	250	250	250	250	250	250	250	250	250	250
251	251	251	251	251	251	251	251	251	251	250	250	250	250	250	251	251	252	251	255	254	245	245	253	210	84	47	99	128	122	119	109	121	104	112	109	112	117	123	127	132	135	136	143	146	150	155	159	160	161	161	162	163	164	167	169	172	174	176	177	177	178	178	178	179	179	179	177	177	177	176	176	175	175	175	171	169	166	160	157	152	149	148	141	139	136	131	124	118	113	111	114	117	109	108	115	123	125	108	132	238	252	241	248	250	252	250	250	250	250	250	250	250	250	250	250	250	250	250	250	250	250	250	250	250	250	250
251	251	251	251	251	251	251	251	251	251	250	250	250	250	250	251	251	251	251	252	247	246	252	225	120	45	58	115	116	117	113	108	107	111	116	110	118	128	132	134	134	137	141	149	151	153	157	161	165	168	169	162	163	166	170	174	177	181	182	183	185	187	189	190	189	187	186	184	184	185	185	184	181	177	175	173	166	158	156	159	160	157	152	148	145	147	142	125	122	164	200	206	178	127	97	106	120	123	127	68	167	252	242	253	234	242	254	251	251	251	251	251	251	251	251	250	250	250	250	250	250	250	250	250	250	250	250
251	251	251	251	251	251	251	251	251	251	251	251	250	250	251	251	251	251	251	254	254	245	250	130	36	45	99	112	114	115	111	107	106	110	115	111	119	128	131	132	134	137	141	150	151	154	157	161	164	167	169	171	172	174	176	180	183	186	188	183	185	188	190	191	190	188	187	186	187	188	188	186	183	180	178	174	169	165	166	169	168	162	157	151	155	150	130	127	161	206	219	218	234	204	140	108	112	123	129	133	95	227	243	242	253	244	254	251	251	251	251	251	251	251	251	250	250	250	250	250	250	250	250	250	250	250	250
251	251	251	251	251	251	251	251	251	251	251	251	251	251	251	251	251	251	251	250	248	253	211	69	19	62	100	110	111	112	109	105	104	109	114	113	119	128	131	132	133	138	143	150	151	153	156	160	163	166	166	179	180	182	184	186	188	190	191	183	185	189	191	193	192	191	189	190	190	192	191	191	187	184	181	184	178	172	167	165	161	156	151	142	150	148	130	136	193	222	217	235	242	230	190	144	108	103	122	131	85	107	251	246	253	253	240	251	251	251	251	251	251	251	251	250	250	250	250	250	250	250	250	250	250	250	250
251	251	251	251	251	251	251	251	251	251	251	251	251	251	251	251	251	251	250	253	246	244	97	32	50	88	100	106	109	110	107	102	104	108	114	114	120	127	130	132	133	140	144	151	151	153	156	160	162	164	164	179	179	181	183	184	185	187	187	184	186	190	193	195	194	194	193	194	194	196	195	194	190	188	184	190	184	174	166	160	158	158	157	147	146	147	139	141	200	220	216	237	231	221	215	178	113	87	111	113	129	33	187	252	243	252	241	251	251	251	251	251	251	251	251	250	250	250	250	250	250	250	250	250	250	250	250
251	251	251	251	251	251	251	251	251	251	251	251	251	251	251	251	251	250	250	244	242	169	27	35	57	84	100	105	107	109	107	103	105	110	115	116	122	127	129	131	133	140	146	152	152	154	156	158	160	162	162	172	172	174	175	177	178	179	180	184	188	191	195	198	198	198	197	196	197	198	198	196	193	189	186	182	180	176	171	167	165	166	167	161	154	154	140	131	199	222	225	227	234	237	235	214	173	163	189	181	166	103	72	237	250	242	254	251	251	251	251	251	251	251	251	250	250	250	250	250	250	250	250	250	250	250	250
251	251	251	251	251	251	251	251	251	251	251	251	251	251	251	251	251	250	250	248	220	71	41	67	54	74	102	106	108	110	108	106	107	113	119	119	123	127	129	130	134	142	148	153	153	154	156	157	159	161	160	165	165	168	169	172	174	175	177	186	188	192	197	200	201	201	200	196	197	198	198	196	193	190	188	176	177	176	171	163	156	154	155	153	150	157	139	117	192	214	213	218	212	210	215	205	175	180	218	238	212	185	76	167	253	247	250	251	251	251	251	251	251	251	251	250	250	250	250	250	250	250	250	250	250	250	250
251	251	251	251	251	251	251	251	251	251	251	251	251	251	251	251	251	250	250	253	155	27	49	60	62	86	118	107	109	111	110	108	110	116	123	120	123	127	128	129	134	143	151	154	153	154	155	157	158	160	159	164	165	168	171	175	177	180	182	186	189	193	198	201	203	203	203	195	196	197	197	195	192	189	187	180	179	173	165	158	160	169	178	163	146	154	148	115	175	185	187	208	185	163	158	148	116	108	131	196	225	207	158	94	240	252	245	251	251	251	251	251	251	251	251	250	250	250	250	250	250	250	250	250	250	250	250
251	251	251	251	251	251	251	251	251	251	251	251	251	251	251	251	250	250	250	208	69	58	60	49	77	85	100	108	110	112	111	110	112	119	124	121	124	127	128	129	134	143	151	154	154	154	155	156	157	158	158	165	167	170	175	178	182	185	186	185	189	194	198	202	204	204	204	194	195	196	196	195	191	188	185	186	181	171	163	167	188	220	235	208	158	153	158	119	160	166	188	203	217	199	164	150	146	132	120	123	186	222	187	58	207	241	253	251	251	251	251	251	251	251	251	250	250	250	250	250	250	250	250	250	250	250	250
250	250	250	251	251	251	251	251	251	251	251	242	250	254	245	248	255	251	244	113	48	36	48	62	76	79	98	102	106	108	107	106	108	115	122	124	124	126	129	134	141	146	150	155	153	151	150	152	155	159	161	167	169	171	175	178	183	185	187	189	191	195	198	200	200	198	198	202	200	199	197	194	192	190	189	184	174	168	166	193	235	238	225	234	219	149	143	138	113	152	174	191	192	218	188	167	179	151	139	122	113	191	196	152	122	239	247	254	246	246	251	245	248	254	246	249	249	250	250	250	250	250	250	250	250	250	250
250	250	250	251	251	251	251	251	251	251	251	250	251	252	247	245	248	254	215	30	33	55	61	61	70	84	101	102	105	108	107	106	109	116	122	126	126	127	129	134	139	143	148	153	152	151	150	152	154	158	160	169	171	173	176	180	184	186	187	187	189	192	196	197	197	197	196	195	193	192	190	188	185	184	182	175	162	149	172	203	236	241	236	223	212	180	150	125	105	120	156	169	180	209	201	193	198	175	166	135	143	119	177	157	101	226	243	241	251	254	242	252	251	242	251	249	249	250	250	250	250	250	250	250	250	250	250
250	250	250	251	251	251	251	251	251	251	251	247	248	252	254	255	255	254	170	24	50	60	63	67	72	89	96	101	105	108	108	107	110	117	124	129	129	129	130	133	137	140	143	149	149	149	149	152	154	158	160	172	172	174	176	179	183	185	186	183	185	188	192	193	194	194	193	187	185	184	182	181	179	178	177	171	157	130	179	211	230	237	235	230	226	230	173	124	103	85	122	147	165	188	201	212	211	195	184	160	142	113	127	115	111	160	248	246	244	255	245	250	249	244	254	249	249	250	250	250	250	250	250	250	250	250	250
250	250	250	251	251	251	251	251	251	251	251	246	250	251	254	254	248	230	69	60	71	52	59	75	71	86	91	100	104	107	108	107	111	119	126	132	131	130	130	131	134	137	140	147	147	149	150	153	155	158	160	170	171	173	174	177	180	181	182	180	182	185	189	190	191	189	189	183	181	181	179	178	177	176	176	172	164	125	177	209	221	227	221	235	234	241	193	145	124	89	101	123	151	168	188	204	202	194	179	168	137	141	100	89	134	110	212	252	241	243	255	241	244	254	250	249	249	250	250	250	250	250	250	250	250	250	250
250	250	250	251	251	251	251	251	251	251	251	246	253	250	248	254	254	197	19	46	67	56	64	75	71	87	92	99	103	107	108	108	112	121	128	133	132	131	130	131	133	135	138	144	146	150	154	156	159	161	161	169	169	171	172	174	176	177	177	179	181	184	187	189	189	188	187	183	183	182	182	181	181	181	180	167	170	130	167	201	214	222	211	178	181	181	157	133	116	89	67	86	129	166	185	188	185	186	176	165	162	131	123	117	120	124	125	222	253	237	254	244	245	253	247	249	249	250	250	250	250	250	250	250	250	250	250
250	250	250	251	251	251	251	251	251	251	251	249	254	250	242	255	254	168	38	48	70	69	63	72	88	99	91	98	102	107	108	109	114	122	129	132	131	130	129	130	133	135	138	144	147	152	157	162	164	165	165	171	172	173	174	174	175	176	176	179	181	184	187	189	188	187	186	185	184	185	185	184	185	185	184	163	168	140	149	191	206	219	212	181	180	163	162	153	139	125	84	59	99	161	186	176	173	180	182	177	180	142	152	131	100	135	107	145	252	248	253	253	251	239	248	249	249	250	250	250	250	250	250	250	250	250	250
250	250	250	251	251	251	251	251	251	251	251	253	254	252	238	247	236	92	38	70	66	69	61	71	98	100	92	97	102	106	108	110	115	123	131	130	129	129	129	130	133	136	139	145	149	155	161	165	168	168	168	177	177	178	177	179	180	180	181	180	182	185	187	190	189	188	187	184	185	185	186	186	187	188	187	171	170	155	139	183	191	205	211	204	194	179	178	168	158	151	119	76	67	127	166	161	168	173	183	186	178	180	168	130	117	123	131	101	193	251	251	252	248	241	250	249	250	250	250	250	250	250	250	250	250	250	250
250	250	250	251	251	251	251	251	251	251	251	244	247	254	248	253	224	49	52	59	38	59	67	70	85	87	99	97	101	106	108	110	115	124	132	129	128	128	128	130	134	137	139	146	150	157	163	168	170	171	171	182	182	182	183	183	184	184	185	180	182	185	188	190	190	189	188	184	184	185	186	186	187	188	188	186	175	168	135	178	175	189	205	211	197	195	190	176	175	172	160	113	47	87	135	147	164	163	175	176	185	189	181	152	148	124	122	107	112	245	250	238	239	253	250	250	250	250	250	250	250	251	250	250	250	250	250
250	250	250	251	251	251	251	251	251	251	251	252	251	243	251	253	215	35	53	64	63	63	65	72	82	92	99	99	102	104	104	106	112	123	132	132	133	135	137	139	140	140	140	147	158	159	171	177	177	188	185	194	188	182	183	188	190	187	181	196	194	191	187	185	184	185	186	196	194	190	186	184	183	183	184	185	173	167	151	140	171	194	175	198	207	204	203	208	192	167	161	150	95	30	85	144	172	169	158	178	192	200	193	179	161	137	118	123	93	189	247	250	247	252	238	251	251	251	251	251	251	251	251	250	250	250	250
250	250	250	251	251	251	251	251	251	251	250	252	250	248	243	253	175	35	51	66	65	65	67	74	82	92	98	99	102	105	105	106	113	124	133	133	133	134	135	138	141	142	144	144	155	157	172	181	183	194	192	195	190	185	186	190	191	187	182	188	187	185	183	182	184	186	188	190	188	185	182	181	181	183	184	188	178	176	164	143	150	173	177	179	204	210	201	198	189	171	162	155	127	58	38	143	173	160	176	176	190	200	198	189	174	154	136	123	105	127	239	246	251	250	248	251	251	251	251	251	251	251	251	250	250	250	250
250	250	250	251	251	251	251	251	251	251	250	250	249	251	236	249	120	38	55	68	68	68	71	76	84	92	96	100	103	106	106	107	114	125	134	135	134	132	133	136	141	146	149	144	154	156	173	184	189	201	198	200	196	193	193	194	194	189	184	182	180	178	178	178	181	184	186	180	179	177	176	178	180	182	184	195	187	187	180	154	135	146	167	168	191	202	200	198	190	174	165	156	156	103	28	105	171	166	177	174	188	200	202	199	191	174	157	130	120	83	205	246	250	249	254	251	251	251	251	251	251	251	251	250	250	250	250
250	250	250	251	251	251	251	251	251	251	250	246	251	250	239	240	75	46	67	70	70	71	75	79	86	94	97	102	105	107	107	109	115	126	135	136	134	133	133	136	142	148	152	151	158	158	176	188	192	203	197	204	203	202	202	201	198	195	192	182	180	177	175	174	175	177	179	172	171	171	172	175	179	184	186	199	193	190	190	174	144	133	142	166	171	182	197	206	197	181	174	159	165	144	84	56	146	179	164	174	186	197	203	205	202	185	167	140	126	96	151	248	236	250	251	251	251	251	251	251	251	251	251	250	250	250	250
250	250	250	251	251	251	251	251	251	251	250	242	253	245	247	230	52	57	81	69	70	73	77	84	90	97	99	103	106	108	109	110	116	127	136	137	136	135	135	138	143	147	150	159	163	160	176	189	192	199	191	205	207	210	210	207	203	200	199	189	186	181	176	173	171	171	171	169	168	169	172	175	181	186	189	200	193	187	192	193	172	139	116	149	159	174	190	200	207	199	185	176	169	165	143	60	95	168	170	175	185	194	200	206	204	188	169	148	123	119	108	242	239	252	246	251	251	251	251	251	251	251	251	250	250	250	250
250	250	250	251	251	251	251	251	251	251	250	242	253	243	251	224	40	63	82	67	69	74	80	88	95	101	104	105	107	110	110	111	118	129	138	138	138	139	141	142	143	143	143	162	164	159	174	189	193	197	187	199	204	210	212	208	204	204	203	195	192	186	179	175	171	170	170	170	170	171	174	178	184	190	192	198	188	183	191	200	194	158	116	123	147	171	177	183	205	216	202	200	184	175	166	122	66	132	183	174	181	189	195	204	206	191	171	152	124	117	95	197	250	252	247	251	251	251	251	252	251	251	251	250	250	250	250
250	250	250	251	251	251	251	251	251	251	250	248	252	248	246	222	30	63	69	63	67	74	82	91	100	106	108	106	108	111	111	112	119	130	139	138	140	144	147	147	144	138	135	158	159	154	171	190	194	199	188	188	197	206	208	205	201	202	202	196	193	188	183	179	177	177	176	174	175	175	178	182	188	194	197	194	180	183	192	195	197	180	144	116	121	146	169	179	196	217	220	215	203	190	180	172	103	107	163	169	175	183	192	206	211	198	177	158	135	110	102	138	244	251	250	250	251	251	251	252	251	251	251	250	250	250	250
250	250	250	251	251	251	251	251	251	251	250	253	251	253	239	222	22	61	55	61	66	74	83	93	102	108	112	106	109	111	112	113	119	130	139	138	143	148	152	151	144	136	131	152	153	149	169	190	198	203	191	179	189	200	204	200	197	197	200	194	192	189	185	183	183	184	185	179	178	179	180	184	189	195	198	189	175	183	193	186	192	195	173	126	96	115	167	187	186	208	231	219	213	205	201	183	162	106	124	165	171	179	190	207	216	203	184	164	148	115	111	99	213	245	251	250	251	251	251	252	251	251	251	250	250	250	250
250	250	250	250	250	250	250	250	250	250	250	247	253	251	252	194	28	50	67	71	73	79	93	108	117	115	112	117	113	110	114	125	132	133	130	140	142	137	139	142	124	109	118	129	147	158	169	174	183	184	150	162	201	200	202	204	208	184	191	207	204	198	192	184	182	190	197	191	185	183	192	172	194	198	185	182	181	181	188	180	168	164	162	170	124	101	147	176	179	200	213	218	225	225	212	193	173	147	125	151	160	174	187	196	199	201	201	174	151	135	108	106	124	246	233	245	252	252	242	246	251	247	253	249	250	250	250
250	250	250	250	250	250	250	250	250	250	250	246	255	253	252	174	34	55	62	71	76	84	94	105	112	111	110	112	110	110	116	123	128	127	123	142	139	128	124	126	112	104	115	124	133	137	148	156	161	151	108	148	181	176	167	180	196	187	190	185	189	186	179	186	202	205	195	182	180	178	180	171	168	165	168	180	170	183	186	206	174	169	161	175	147	65	125	153	190	201	212	213	221	223	213	199	181	158	137	145	150	161	175	188	196	200	199	183	161	140	111	98	113	208	247	245	248	248	246	250	253	249	249	249	250	250	250
250	250	250	250	250	250	250	250	250	250	250	245	255	254	253	143	42	62	59	68	76	87	96	102	106	108	110	106	107	110	118	126	128	124	120	122	115	102	95	97	92	96	107	119	124	123	132	136	139	131	91	109	147	160	151	172	183	183	180	174	168	163	168	188	209	211	201	169	178	170	157	166	172	170	170	172	175	187	193	203	166	145	151	175	137	111	55	154	157	206	184	207	217	222	216	207	192	172	153	138	138	143	158	178	193	199	199	186	171	151	126	100	107	137	243	249	247	245	250	253	254	252	243	249	250	250	250
250	250	250	250	250	250	250	250	250	250	250	249	251	250	253	113	46	63	60	60	72	86	95	99	104	110	115	103	107	113	120	123	121	116	112	92	87	80	77	82	87	97	105	103	108	106	110	104	101	100	73	78	114	147	149	173	166	168	166	170	152	149	170	191	199	204	212	198	185	167	166	162	169	163	158	153	171	161	177	156	139	82	95	133	134	137	77	95	172	186	188	204	216	224	219	211	200	181	162	138	131	130	143	168	189	200	201	183	177	164	145	118	111	101	189	250	253	248	253	253	254	254	240	250	250	250	250
250	250	250	250	250	250	250	250	250	250	250	254	244	246	253	88	46	61	64	53	66	81	93	99	106	113	120	108	111	114	113	106	97	89	84	78	77	80	80	83	92	101	101	119	106	84	74	67	74	92	81	79	88	115	134	160	144	142	143	143	143	156	179	195	199	205	214	192	154	139	165	137	140	139	143	138	153	141	150	131	119	47	47	71	100	97	106	44	143	168	195	202	215	223	219	213	203	185	167	146	133	126	134	157	182	197	202	188	179	169	156	133	123	109	120	242	252	253	253	251	250	254	242	250	250	250	250
250	250	250	250	250	250	250	250	250	250	250	254	242	247	249	68	46	61	68	54	64	77	90	99	108	113	116	114	115	113	104	89	76	67	63	79	80	87	88	87	96	102	93	85	82	82	102	111	109	103	73	95	77	85	115	139	123	108	105	107	143	175	186	197	214	217	207	215	194	166	143	108	135	146	132	123	121	137	116	112	78	41	47	70	65	71	81	70	54	157	176	194	207	216	216	212	204	187	171	156	141	128	128	145	169	190	200	199	179	168	159	139	132	127	85	194	248	254	251	250	246	254	244	250	250	250	250
250	250	250	250	250	250	250	250	250	250	250	254	245	252	236	52	49	63	67	63	67	76	88	99	106	106	105	113	114	113	104	90	80	77	78	97	98	106	107	104	116	125	112	121	100	78	86	99	117	139	131	120	95	81	99	103	97	89	95	109	154	184	186	195	218	222	204	188	196	171	126	171	223	243	225	145	99	102	73	76	50	45	75	97	74	65	78	73	45	104	164	180	195	206	210	210	206	192	178	164	149	131	123	131	152	178	193	204	175	170	169	144	138	122	90	127	226	252	249	252	245	253	244	250	250	250	250
250	250	250	250	250	250	250	250	250	250	250	250	249	254	225	43	53	67	64	72	72	77	87	99	104	100	95	109	113	113	109	102	99	104	110	122	122	133	134	132	150	164	152	151	139	125	130	128	132	150	144	149	125	92	85	62	73	90	116	138	165	183	183	190	208	216	209	187	178	156	133	238	242	242	234	221	117	67	60	71	79	72	111	81	52	67	47	52	58	40	147	168	184	200	206	209	208	197	184	168	153	133	119	122	142	169	188	200	170	174	182	151	142	107	105	76	207	249	249	254	246	252	244	250	250	250	250
250	250	250	250	250	250	250	250	250	250	250	254	250	254	199	36	44	53	67	64	53	69	93	100	106	111	106	108	112	107	96	96	111	122	123	121	134	143	140	144	155	162	161	152	159	155	153	159	157	154	161	168	159	156	148	118	87	91	115	130	143	154	159	166	175	174	165	160	149	131	195	237	246	241	239	227	197	100	40	81	87	132	117	91	86	67	52	46	35	46	77	160	172	180	196	207	208	194	186	183	163	145	127	107	113	148	178	186	184	178	175	151	142	112	97	89	98	249	252	246	248	250	254	250	250	250	250
250	250	250	250	250	250	250	250	250	250	250	254	250	251	202	34	47	52	67	63	54	67	91	99	105	110	106	102	114	121	118	112	115	123	130	142	149	150	141	137	139	137	130	146	158	161	163	169	165	161	168	174	171	168	159	140	114	98	94	102	109	117	125	135	142	139	132	134	127	116	176	230	238	241	245	243	235	172	109	137	139	157	130	113	98	82	79	75	56	37	33	126	156	167	200	216	200	200	191	171	156	136	132	131	116	127	172	193	193	181	172	148	141	117	104	88	89	230	251	247	252	251	249	250	250	250	250
250	250	250	250	250	250	250	250	250	250	250	252	252	249	207	31	50	49	67	62	54	65	87	98	103	108	107	124	127	131	132	127	127	138	151	142	148	146	134	128	139	161	175	171	177	177	176	182	174	162	161	160	158	158	160	155	142	128	118	49	60	89	131	169	191	199	202	177	161	141	173	232	234	228	230	239	224	179	125	150	152	152	135	136	130	135	141	133	113	91	75	68	138	159	182	206	208	218	183	173	167	143	138	147	116	100	134	194	203	186	170	144	139	120	109	87	78	202	251	249	254	253	239	250	250	250	250
250	250	250	250	250	250	250	250	250	250	250	250	253	247	210	28	53	47	66	60	55	63	83	96	101	105	107	105	106	119	141	150	145	138	138	138	147	155	155	152	151	154	157	177	175	165	162	170	164	148	143	153	148	147	149	143	130	122	122	109	107	121	151	174	180	180	182	185	165	138	146	219	232	221	209	187	158	144	119	139	137	138	159	148	142	147	147	128	118	117	106	43	99	140	158	193	208	211	186	178	178	158	142	141	123	100	98	179	206	192	173	146	139	121	106	84	74	178	253	250	254	254	240	250	250	250	250
250	250	250	250	250	250	250	250	250	250	250	249	252	247	212	30	54	46	64	58	55	60	78	95	99	101	108	110	93	84	91	106	118	133	146	153	150	152	158	165	162	154	147	151	151	136	124	123	115	106	109	76	80	82	87	109	143	167	172	126	120	125	144	159	164	169	175	159	150	131	121	188	224	224	208	176	164	179	162	156	138	127	154	176	161	154	143	123	117	113	97	68	48	110	146	187	188	179	202	184	165	159	150	132	128	121	96	151	201	195	178	153	142	120	99	85	78	156	252	251	254	254	248	250	250	250	250
250	250	250	250	250	250	250	250	250	250	250	248	250	250	210	34	52	47	62	56	56	57	73	93	97	98	108	96	100	108	116	116	107	99	97	129	125	120	111	95	83	89	98	106	111	98	74	55	39	36	50	75	108	134	144	166	185	163	120	130	136	149	163	168	164	160	159	154	158	151	127	158	203	220	219	211	205	210	185	175	165	134	124	146	158	173	171	155	141	126	109	93	41	112	131	162	176	167	194	197	158	156	158	129	119	121	102	123	196	197	184	162	147	126	98	90	86	131	252	251	252	251	253	250	250	250	250
250	250	250	250	250	250	250	250	250	250	250	248	248	253	207	39	49	49	60	55	56	55	69	92	96	96	109	121	122	118	113	111	113	113	109	102	109	117	106	71	30	17	19	15	27	37	49	69	85	101	122	129	135	132	125	130	142	134	114	126	146	166	173	168	161	154	148	147	145	147	131	130	178	207	226	212	204	194	179	176	178	155	130	95	122	139	138	135	127	117	110	106	68	135	125	136	166	177	170	189	164	156	150	128	115	112	102	106	193	199	188	168	155	136	107	97	91	102	249	251	252	243	250	250	250	250	250
250	250	250	250	250	250	250	250	250	250	249	248	245	253	205	42	47	50	60	55	57	55	67	91	95	95	109	113	108	97	95	113	138	147	141	138	135	142	158	158	141	124	118	115	114	109	117	139	146	140	140	125	120	128	142	139	120	117	128	141	160	169	160	150	152	159	161	162	144	142	136	118	162	188	214	212	211	206	197	171	153	145	141	137	134	106	85	97	110	108	107	122	84	144	140	134	147	179	164	159	165	153	132	127	126	117	109	100	195	200	189	171	161	146	117	102	91	81	238	250	251	236	244	250	250	250	250
250	250	251	253	251	254	248	236	251	251	238	250	230	234	213	47	61	57	42	53	44	47	70	91	101	109	116	111	110	114	125	139	148	149	146	143	137	142	147	144	150	160	157	165	146	126	117	125	135	138	137	152	145	134	124	121	124	131	135	155	153	146	140	147	160	162	153	160	156	150	131	138	129	158	195	215	201	199	189	175	186	192	171	173	176	159	113	57	24	24	36	46	47	137	158	139	151	177	161	171	160	160	154	134	126	123	111	91	186	201	200	171	165	154	120	97	92	81	207	246	250	244	254	250	250	250	250
250	251	251	249	254	253	246	246	249	249	252	217	137	95	90	35	58	48	36	50	48	56	77	94	101	108	117	105	113	127	136	138	132	123	117	125	125	139	152	156	166	175	173	158	165	171	169	160	149	142	140	138	132	126	123	129	140	154	164	156	149	146	149	156	160	160	159	156	159	156	155	140	120	132	177	190	190	196	206	204	183	179	194	198	191	180	168	153	130	104	86	85	65	115	163	147	148	169	178	175	165	163	156	136	127	122	110	91	184	200	197	176	166	152	123	99	91	86	188	248	249	245	253	250	250	250	250
250	251	251	246	254	253	245	255	250	248	252	121	95	96	90	72	51	44	58	47	54	69	86	96	101	109	118	115	122	127	125	119	114	115	118	142	143	159	172	173	177	179	171	167	147	127	124	138	152	156	153	137	136	136	138	144	152	160	165	152	145	146	159	165	160	158	162	160	163	153	163	146	136	116	131	170	188	188	190	201	187	182	208	195	189	185	183	181	171	154	140	129	103	107	160	149	149	167	188	180	172	169	161	143	131	122	111	91	180	197	194	181	167	149	127	103	93	93	159	250	246	246	250	250	250	250	250
250	251	251	247	254	254	247	254	252	250	223	95	106	125	113	96	68	60	62	47	62	82	96	100	101	110	120	130	127	121	114	114	120	133	143	146	144	154	160	152	150	147	137	128	137	148	153	150	142	134	130	147	151	156	159	158	154	148	144	141	142	149	161	166	162	159	160	158	169	160	154	146	150	121	94	137	184	199	181	180	192	200	208	194	193	188	177	165	159	162	166	152	148	128	150	148	150	171	181	185	180	176	166	151	136	123	114	93	172	193	191	187	168	147	131	106	94	101	128	250	244	249	248	250	250	250	250
250	251	251	251	245	254	252	248	254	252	163	94	92	104	117	105	97	82	54	52	72	93	101	101	105	115	122	134	130	127	129	138	146	150	153	175	171	177	180	173	172	174	165	159	158	152	144	139	144	157	167	162	163	165	163	158	148	138	132	130	142	154	157	161	165	163	158	156	168	173	151	146	140	128	96	76	118	169	181	166	170	186	185	194	191	184	176	169	163	159	159	165	173	156	147	152	139	165	172	188	188	182	172	160	143	127	120	96	160	190	190	191	168	147	134	107	96	108	105	241	245	250	247	250	250	250	250
250	251	251	252	239	254	252	244	252	248	120	80	64	68	112	110	114	98	63	63	81	98	103	102	109	119	125	142	139	138	145	156	162	162	158	184	180	185	187	180	179	181	172	166	159	154	156	166	173	174	172	186	178	165	152	140	131	127	125	127	144	156	157	160	168	170	164	176	161	166	155	158	138	130	107	66	50	92	152	163	159	167	169	178	179	179	175	170	167	167	168	178	176	170	155	155	124	144	167	189	193	186	176	168	150	132	127	101	147	188	192	192	168	151	136	105	100	114	92	221	246	250	247	250	250	250	250
250	251	251	250	243	254	248	247	244	238	114	113	83	42	61	88	113	107	72	73	89	101	100	102	114	123	128	143	143	145	149	156	163	169	172	187	184	193	197	189	184	180	168	170	182	192	185	169	161	169	180	188	175	157	139	127	124	126	129	135	146	158	164	166	171	176	180	192	167	162	164	162	150	132	107	93	55	51	95	142	163	167	166	158	169	177	176	170	171	183	197	189	174	170	160	146	122	125	161	189	196	189	180	175	157	136	134	106	135	187	195	191	167	155	136	104	103	118	90	199	248	248	249	250	250	250	250
250	251	250	247	250	252	241	252	238	229	126	130	142	98	63	77	94	105	86	79	93	101	98	102	117	127	128	129	137	148	153	157	162	172	180	180	182	197	207	202	196	190	176	166	169	174	177	176	173	170	170	159	152	141	132	129	133	140	146	145	148	159	172	173	171	179	192	183	184	178	177	149	151	133	109	71	78	48	36	87	140	149	144	137	147	159	167	171	175	182	188	193	177	168	157	131	129	117	153	189	197	190	182	179	160	139	139	109	128	186	197	190	167	158	135	102	105	119	90	184	249	248	250	249	250	250	250
250	250	250	242	252	254	253	246	246	200	168	150	147	112	104	109	89	100	103	94	98	96	95	110	131	140	138	144	148	152	157	164	169	174	175	192	196	197	196	198	201	193	180	182	177	178	182	178	167	163	168	171	141	126	132	140	149	153	147	152	152	162	178	186	186	188	193	200	191	181	174	166	157	142	129	103	66	69	47	26	62	112	135	145	140	145	168	176	153	190	171	179	173	148	140	145	119	109	140	173	198	192	184	181	164	143	118	117	107	177	195	180	165	151	130	107	105	134	104	148	249	252	248	249	250	250	250
250	250	250	244	250	252	252	246	248	193	171	172	163	128	118	114	90	113	98	94	97	98	99	113	133	143	141	143	147	152	157	164	169	172	174	176	190	201	197	193	196	200	199	190	186	179	175	175	178	179	178	144	124	126	143	155	163	166	160	154	155	158	166	178	192	207	216	215	204	188	175	164	151	137	126	131	100	87	75	60	34	37	96	133	139	129	146	153	153	172	172	178	170	150	144	146	127	117	133	166	191	188	185	184	166	147	127	114	105	174	192	179	164	147	125	98	112	132	111	128	251	247	247	249	250	250	250
250	250	250	246	248	250	252	246	250	184	175	174	168	128	122	113	91	119	91	95	97	99	103	118	136	146	145	144	147	151	156	162	167	171	175	174	190	202	197	191	195	204	207	186	183	174	165	169	178	175	163	138	125	134	151	159	162	164	159	156	155	158	163	169	185	221	241	227	218	199	180	165	152	140	133	150	134	114	94	83	57	26	28	87	107	108	139	149	169	165	178	177	167	155	149	148	140	128	121	158	182	184	188	187	168	151	137	112	103	170	187	178	162	140	120	88	123	133	121	106	249	242	249	249	250	250	250
250	250	249	248	247	248	252	247	249	181	176	159	177	115	122	120	106	116	100	97	97	99	108	123	138	146	148	143	146	150	155	161	166	172	174	188	197	201	197	195	199	200	195	184	174	160	154	160	168	163	152	143	131	137	151	153	156	161	160	161	145	142	156	163	172	208	240	222	210	191	172	158	148	144	143	153	138	139	118	86	92	75	21	19	28	68	129	142	163	156	165	176	167	161	156	150	151	139	113	154	180	184	190	189	167	152	140	111	103	163	180	176	160	135	116	83	134	146	129	97	233	244	251	249	250	250	250
250	249	249	249	247	247	249	246	249	188	170	152	192	112	133	139	130	104	116	99	96	100	111	126	138	143	147	142	145	149	154	160	166	171	173	189	197	202	198	196	198	193	184	175	158	147	152	162	165	163	161	134	124	135	152	158	163	170	170	165	146	137	145	159	169	183	197	194	185	170	154	144	140	142	146	155	139	148	144	101	89	99	80	29	15	67	141	147	157	171	178	180	170	168	161	151	155	144	111	150	182	189	192	188	167	152	137	116	106	158	172	172	157	132	117	86	141	160	134	103	197	249	251	249	250	250	250
250	249	249	248	248	248	247	246	248	203	159	149	183	114	140	150	141	92	117	102	96	101	115	127	134	138	143	141	144	148	153	159	165	170	172	175	190	199	197	192	189	181	172	135	130	139	161	172	165	155	151	132	122	131	150	155	154	152	144	139	150	154	150	153	167	174	170	178	173	163	149	139	137	142	147	155	156	137	131	119	89	91	113	82	37	64	129	126	127	163	184	186	178	175	166	153	153	143	116	142	183	193	190	186	170	156	136	124	111	154	162	167	156	131	121	90	145	166	140	111	150	250	249	249	250	250	250
250	249	249	247	249	249	245	247	244	223	148	148	150	121	149	162	146	101	117	104	97	101	116	127	129	132	137	141	143	147	153	159	164	169	171	171	182	189	189	187	179	160	141	116	126	144	162	168	160	146	135	141	121	117	125	123	115	103	88	82	98	119	135	148	160	168	171	170	167	159	145	130	124	126	131	139	143	119	112	110	93	94	100	119	94	75	135	133	134	165	204	192	186	180	168	154	147	139	124	129	181	195	188	183	177	165	140	133	117	151	155	163	155	133	127	91	145	162	146	116	107	243	244	249	250	250	250
250	249	249	246	250	252	244	248	243	235	140	154	124	136	164	179	159	128	131	105	96	99	116	126	126	128	133	140	143	147	152	158	164	168	171	180	179	178	180	185	175	141	106	143	152	157	152	151	154	152	144	143	111	94	92	87	78	68	53	33	19	34	95	146	157	156	162	157	155	146	129	110	99	98	100	119	99	106	125	91	74	104	97	99	111	67	134	140	145	156	206	196	193	184	170	154	142	135	130	118	177	195	184	182	183	173	144	138	120	149	150	161	155	134	130	90	145	152	151	114	80	235	240	249	250	250	250
250	250	250	253	251	254	254	242	250	245	168	175	120	143	167	183	166	138	130	102	97	105	109	119	130	123	127	127	136	142	143	149	158	161	156	162	186	181	172	153	124	109	137	161	162	164	165	163	160	155	153	136	131	107	80	83	111	128	125	120	107	74	64	98	127	132	133	132	140	124	88	47	15	15	38	36	52	83	89	72	75	99	112	109	99	64	96	139	149	169	176	198	189	177	167	161	153	143	135	102	180	193	188	183	175	163	135	139	121	132	147	158	166	147	122	96	105	161	149	118	93	179	243	249	253	249	244
250	250	250	251	249	249	253	242	251	252	196	152	128	147	188	183	164	147	140	102	97	106	107	118	129	123	125	123	133	141	144	151	159	160	153	170	155	175	158	129	107	145	158	159	159	161	161	159	156	152	150	143	132	123	121	118	111	104	104	104	141	137	100	95	108	109	102	111	103	71	49	65	84	86	83	80	66	54	48	50	72	101	116	110	103	79	71	152	154	171	180	196	188	177	168	161	152	142	134	106	175	193	188	182	175	164	136	133	127	128	143	157	159	148	127	104	102	151	151	126	106	141	247	244	247	247	245
250	250	250	249	248	244	246	243	250	255	232	132	133	159	208	183	163	157	151	103	96	104	105	115	126	121	124	119	131	140	144	151	159	160	153	161	164	146	130	86	135	162	163	156	156	157	156	155	152	149	147	150	135	131	139	140	127	119	123	98	126	138	125	112	97	84	79	89	77	73	89	104	91	77	79	96	88	76	78	94	104	105	104	111	110	97	45	148	157	173	184	192	185	176	168	161	152	141	133	113	165	192	186	181	175	165	141	130	135	118	136	157	152	150	130	109	96	136	153	135	123	102	246	244	244	245	248
250	250	250	248	248	245	246	247	249	255	251	141	130	178	204	179	162	154	155	103	97	103	102	112	123	119	123	119	129	136	138	146	156	159	155	161	157	131	77	124	138	158	151	155	154	154	153	152	150	148	146	137	130	122	120	123	124	124	123	96	103	114	126	132	125	115	111	110	100	109	125	111	76	76	105	91	95	87	88	104	106	103	109	116	116	108	44	115	158	170	186	189	183	175	168	162	153	142	133	120	151	189	183	180	175	167	145	133	138	104	124	156	150	152	131	107	87	120	146	142	137	95	206	249	248	244	252
250	250	250	249	250	251	250	252	249	247	252	173	119	192	183	172	158	139	147	105	96	101	99	108	120	115	120	120	127	131	130	137	149	155	154	153	130	82	116	136	151	128	157	154	152	150	148	148	147	146	146	143	137	130	126	123	116	107	100	95	113	121	114	122	149	166	161	128	123	119	109	94	82	84	87	79	88	86	87	99	102	102	113	121	119	110	65	77	157	168	185	188	182	176	171	166	156	144	134	125	134	185	178	176	174	166	148	140	136	92	113	151	152	156	132	104	80	107	133	142	141	119	140	248	255	246	253
250	250	250	251	249	255	251	251	251	243	249	200	109	187	164	163	149	121	133	105	96	100	96	105	117	114	118	116	124	128	127	133	143	147	143	126	86	110	127	147	130	154	146	151	148	145	142	142	141	142	141	153	139	133	139	136	119	108	109	109	104	101	99	103	129	157	166	133	114	106	107	96	79	66	52	77	84	91	102	116	118	110	106	116	113	105	90	77	162	169	182	188	184	178	175	170	160	147	137	129	117	180	172	170	171	164	150	144	128	92	106	140	151	156	137	108	82	99	122	136	138	140	101	227	255	248	251
250	250	250	254	246	254	246	245	254	247	246	206	106	169	162	155	136	107	120	106	96	97	94	102	114	112	117	107	119	129	132	135	138	134	124	89	105	125	141	115	142	152	141	144	140	137	133	132	132	133	135	128	120	116	120	123	121	118	119	127	97	92	108	115	125	144	155	147	113	99	104	94	83	88	94	86	79	80	88	97	105	109	104	102	102	102	99	123	173	174	181	189	185	181	179	174	165	151	141	131	103	175	167	165	168	162	150	143	120	101	106	125	144	155	147	122	91	94	113	132	135	137	106	187	252	250	247
250	250	250	255	243	251	240	239	255	252	247	200	106	152	169	150	126	102	113	106	96	97	93	101	114	111	116	98	114	131	138	140	137	125	110	87	124	136	123	133	126	130	148	137	133	129	126	125	126	127	130	107	120	121	113	120	136	132	115	134	130	137	141	142	162	178	171	141	125	110	92	82	97	105	90	79	74	86	95	92	97	102	92	90	93	101	99	170	183	181	181	191	187	183	181	177	167	153	143	132	96	171	163	162	166	161	151	139	115	111	108	113	137	153	155	136	98	92	110	128	132	124	126	154	245	251	244
250	250	250	250	250	250	250	250	250	250	249	193	112	138	149	123	130	108	108	98	99	95	102	109	111	114	109	110	113	119	134	137	147	114	79	129	114	109	109	108	122	136	130	123	126	126	122	124	128	121	108	92	119	141	142	139	150	164	172	149	143	141	137	160	151	163	180	118	133	125	96	88	102	100	78	85	86	84	81	79	82	91	98	90	87	84	105	156	176	179	191	196	195	192	187	179	167	156	149	134	106	114	150	166	163	155	145	128	123	124	111	115	134	136	140	134	95	92	114	123	131	125	98	116	255	245	255
250	250	250	250	250	250	250	250	250	250	249	193	113	124	136	133	141	129	105	100	98	97	102	108	110	111	107	108	110	122	137	139	142	102	92	126	102	89	91	102	113	116	112	114	118	125	129	129	129	134	142	136	149	157	153	146	150	162	172	191	190	190	186	189	177	172	173	173	178	161	130	117	126	125	111	108	103	99	100	100	94	80	68	90	87	79	114	155	176	184	198	197	196	193	187	178	166	155	148	134	114	116	141	158	158	151	144	129	127	129	114	114	130	133	139	133	94	89	112	120	126	128	113	96	251	253	255
250	250	250	250	250	250	250	250	250	250	249	200	113	112	121	145	155	148	106	102	98	99	101	107	110	106	104	104	105	127	139	142	134	85	110	115	99	91	104	121	115	103	102	138	130	128	131	128	124	133	148	126	124	122	119	114	114	125	139	139	151	170	192	200	216	217	213	202	198	183	159	145	144	141	134	135	126	117	116	120	116	101	88	92	89	73	128	156	175	188	204	199	198	195	188	178	166	154	147	134	127	120	127	145	150	144	140	130	131	136	118	112	123	127	137	130	92	86	105	114	122	128	119	86	248	255	251
250	250	250	250	250	250	250	250	250	250	249	217	113	115	115	151	160	147	118	104	97	101	100	105	110	102	102	99	101	129	140	145	129	72	123	100	96	93	108	122	106	94	106	133	122	117	118	116	107	98	95	98	92	92	97	99	98	108	122	110	115	119	133	131	166	181	179	142	139	134	125	118	110	104	101	104	100	99	101	106	111	114	115	96	90	74	144	157	174	190	203	201	200	196	190	179	167	155	148	136	140	126	117	132	140	135	135	130	134	141	121	110	117	121	132	123	93	82	94	110	123	120	103	115	250	255	247
250	250	250	250	250	250	250	250	250	250	249	239	118	129	120	150	153	130	133	103	94	102	98	103	110	99	102	96	101	128	138	146	129	70	125	119	106	93	101	116	108	106	127	122	113	96	79	76	82	84	79	86	85	91	100	100	93	95	104	102	110	117	129	117	136	133	121	111	108	106	107	104	96	93	93	87	85	82	81	80	81	81	82	94	84	84	154	158	176	188	198	200	199	196	190	180	169	157	150	141	150	134	116	121	130	127	129	129	133	141	120	108	113	114	123	114	94	80	86	108	125	110	81	172	253	254	245
250	250	250	250	250	250	250	250	250	250	249	247	138	136	131	145	140	123	144	101	90	102	96	101	112	98	104	94	104	122	132	145	135	80	114	136	114	95	100	116	115	111	117	75	84	87	74	66	65	62	56	73	80	91	95	86	72	68	68	77	85	98	110	109	118	115	108	100	94	90	86	84	82	84	87	90	82	69	59	57	59	60	59	80	68	96	158	161	184	192	194	198	196	195	190	182	171	161	154	150	155	142	122	116	119	121	122	127	130	135	116	106	112	109	114	106	91	80	86	107	120	105	80	225	252	248	245
250	250	250	250	250	250	250	250	250	250	249	248	165	130	139	142	129	135	146	98	85	100	94	101	116	99	106	93	110	114	125	143	143	95	99	124	103	90	91	95	94	86	75	77	66	47	29	31	54	87	111	137	156	173	171	159	150	147	146	132	121	108	94	96	90	97	105	89	88	86	80	79	81	84	83	95	88	75	60	49	46	52	57	59	43	104	155	165	196	199	196	193	194	194	190	183	174	165	159	157	155	149	133	115	113	117	117	124	124	127	110	105	112	106	107	101	85	79	92	109	111	107	109	249	246	248	246
250	250	250	250	250	250	250	250	250	250	249	244	185	120	143	142	125	151	144	97	83	99	92	100	116	99	108	91	112	108	119	142	149	105	88	126	108	97	86	73	74	77	65	44	42	51	77	102	117	130	141	155	183	206	205	197	198	203	204	197	200	208	203	209	167	145	140	157	166	170	169	170	174	171	163	149	152	144	110	65	32	21	23	43	27	109	153	169	207	207	200	191	192	192	190	184	175	167	162	161	153	152	139	113	108	116	114	123	120	122	107	105	113	104	102	99	80	79	100	110	102	111	139	252	239	250	248
250	250	250	248	248	248	248	248	248	248	247	247	230	113	135	128	132	155	118	90	92	89	96	92	107	97	113	94	97	104	131	135	149	118	79	96	105	98	76	78	74	70	68	74	46	86	117	121	119	128	159	153	212	243	211	197	201	230	212	200	213	227	235	234	225	196	225	229	209	203	203	201	194	189	175	159	157	136	125	81	46	61	20	34	34	118	169	180	181	205	206	199	191	184	180	178	175	168	162	158	157	149	135	119	108	104	105	115	111	117	105	100	103	96	100	95	83	87	99	98	108	89	209	246	247	247	247
250	250	250	248	248	248	248	248	248	248	247	244	248	181	140	115	141	146	105	83	71	85	88	91	115	108	110	95	93	109	124	135	146	142	110	116	118	105	106	61	80	84	91	86	36	88	103	132	122	134	154	175	217	242	246	200	228	248	246	208	225	237	241	236	234	212	234	224	234	231	205	185	229	229	173	161	195	187	127	79	53	72	69	27	35	115	166	175	186	202	200	194	188	182	178	178	174	167	162	155	153	145	132	117	107	104	105	114	109	114	104	99	102	93	97	91	80	91	99	102	110	93	227	246	247	247	247
250	250	250	248	248	248	248	248	248	248	247	238	241	231	180	140	131	109	98	144	79	91	89	87	106	111	115	98	86	109	116	133	147	168	145	102	100	109	120	54	65	80	89	66	71	112	140	193	203	162	210	156	228	247	249	199	241	248	245	227	243	252	251	244	246	229	238	247	247	245	225	192	240	241	181	200	233	217	113	79	73	60	59	39	48	114	170	177	201	206	202	189	183	177	174	175	172	166	160	148	146	140	128	115	105	103	105	111	103	108	102	100	101	90	94	86	78	97	100	104	108	96	247	246	247	247	247
250	250	250	248	248	248	248	248	248	248	247	246	238	250	246	228	194	177	190	209	90	92	97	89	88	99	116	102	83	100	114	129	152	176	158	135	95	92	104	107	108	106	82	85	70	159	207	215	240	226	232	202	234	240	234	239	251	238	251	234	246	250	252	251	251	236	240	252	249	247	237	221	244	247	211	240	245	225	129	117	129	85	59	64	59	103	165	178	206	202	202	184	179	172	170	170	168	162	156	139	138	133	122	111	103	102	104	108	97	101	101	101	99	87	92	84	79	101	97	99	97	96	250	246	247	247	247
250	250	250	248	248	248	248	248	248	248	247	236	242	251	234	242	232	237	222	212	89	82	93	90	85	97	110	107	85	85	114	125	157	165	152	135	123	116	114	123	118	125	139	112	93	158	194	233	226	206	241	200	228	250	251	228	252	251	244	240	249	240	251	249	247	239	247	250	249	247	227	234	244	242	213	241	232	220	170	158	177	134	98	85	63	89	149	170	195	188	190	181	175	168	165	165	162	155	150	130	130	126	117	107	101	101	104	107	92	96	101	103	100	86	89	83	84	101	93	90	82	100	250	246	247	247	247
250	250	250	248	248	248	248	248	248	248	247	251	252	247	237	250	240	247	215	215	121	85	81	81	91	109	110	108	89	76	108	124	153	150	145	149	128	83	110	137	166	130	123	142	89	112	217	185	223	204	228	222	208	248	251	175	242	253	253	235	253	253	252	251	246	238	250	251	248	248	247	248	249	241	220	244	235	199	194	169	176	138	99	105	84	107	150	172	190	183	183	180	173	166	161	160	156	148	142	121	122	119	111	103	99	101	105	107	88	93	102	107	102	86	89	82	89	98	90	83	73	118	250	246	247	247	247
250	250	250	248	248	248	248	248	248	248	247	246	239	236	245	253	239	239	229	225	160	87	76	75	89	109	111	107	93	79	97	124	139	142	150	142	137	117	138	131	159	139	129	124	129	63	130	111	157	108	160	95	198	250	124	9	147	233	204	147	237	252	252	252	248	239	251	252	247	248	252	217	247	232	182	223	238	154	172	147	141	112	88	107	112	148	163	179	190	186	177	180	173	165	159	156	150	141	134	115	115	114	107	101	97	100	105	109	87	91	104	113	105	87	90	78	92	94	90	80	73	144	250	246	247	247	247
250	250	250	248	248	248	248	248	248	248	248	252	249	249	242	240	239	236	241	210	159	76	80	82	81	93	103	107	95	86	86	126	127	142	161	152	135	145	136	118	132	155	134	123	132	55	10	8	6	6	12	2	1	8	1	5	5	4	6	14	162	219	233	246	252	244	251	239	252	248	221	112	191	158	37	141	196	88	121	100	95	89	99	95	123	173	167	174	181	181	165	181	174	164	157	154	147	137	130	111	112	111	105	99	96	100	104	110	86	91	106	115	107	88	92	75	94	90	91	80	78	165	250	246	247	247	247
248	248	248	248	248	248	248	248	248	248	248	247	247	246	245	243	242	241	241	227	186	63	63	84	77	94	109	103	113	93	80	107	128	137	154	166	146	159	144	147	135	129	139	117	133	102	19	12	14	17	4	12	3	3	4	22	22	6	19	18	6	8	6	5	6	15	35	52	51	57	7	15	6	7	8	2	0	1	4	6	10	48	103	78	136	165	167	179	177	163	167	170	164	156	151	149	144	137	130	120	117	112	105	103	104	109	113	117	89	93	104	111	112	91	77	87	84	80	81	81	74	180	249	246	247	247	247
248	248	248	248	248	248	248	248	248	248	248	247	247	246	245	243	243	241	241	229	197	79	67	81	76	93	104	99	109	94	82	99	118	132	148	160	148	156	145	144	139	131	139	110	112	115	114	22	10	8	14	34	11	27	60	72	64	56	67	63	35	30	16	10	18	18	22	8	8	14	10	35	25	21	30	8	1	6	17	21	51	82	79	92	143	169	170	182	182	171	176	168	162	154	150	149	145	137	131	127	123	116	110	107	106	109	112	114	86	92	106	112	109	90	80	93	82	78	83	87	74	193	247	246	247	247	247
248	248	248	248	248	248	248	248	248	248	248	248	248	247	245	243	242	241	241	232	210	106	73	78	75	87	95	95	103	98	87	89	104	124	141	152	151	153	147	139	146	135	137	137	106	110	117	98	66	63	63	60	58	64	72	75	101	117	87	106	87	85	73	67	76	75	70	73	64	72	77	79	65	62	90	18	18	5	6	31	75	90	89	100	143	163	163	173	175	171	179	167	162	155	151	151	147	140	134	133	128	121	115	113	113	113	113	109	81	91	109	113	106	89	85	93	78	76	87	92	70	210	246	246	247	247	247
248	248	248	248	248	248	248	248	248	248	248	248	248	247	246	244	243	241	241	235	224	135	79	76	75	81	87	91	98	102	95	85	93	118	135	145	154	150	149	137	150	137	134	135	132	118	99	137	107	114	149	133	100	74	106	126	119	128	119	109	108	118	113	103	108	114	111	117	115	123	130	107	90	72	94	69	9	44	115	105	76	75	71	113	145	158	158	166	171	173	182	171	166	159	155	155	152	145	139	134	128	121	119	120	121	120	119	102	77	92	112	112	102	87	89	86	73	78	88	88	64	224	245	246	247	247	247
248	248	248	248	248	248	248	248	248	248	248	248	248	247	246	244	243	241	241	236	230	156	83	76	76	75	79	89	96	104	99	87	90	112	133	142	155	148	151	138	149	139	132	134	140	103	114	118	118	108	163	193	215	165	125	133	137	141	133	133	129	128	123	107	103	111	106	133	126	120	124	106	116	97	103	121	135	110	77	84	94	85	80	134	153	164	165	171	177	183	190	178	172	165	161	160	156	149	143	129	123	118	119	125	128	126	122	95	78	97	112	108	99	86	88	74	72	84	85	82	67	233	247	246	247	247	247
248	248	248	248	248	248	248	248	248	248	248	249	249	247	246	244	242	241	241	237	228	168	86	79	78	68	74	84	93	100	97	91	89	105	131	145	154	147	152	145	141	138	128	153	126	105	101	100	129	138	118	140	208	229	229	210	154	171	242	239	225	209	210	200	191	201	196	169	173	176	169	150	173	167	165	145	107	97	98	77	70	80	81	140	151	162	167	171	175	183	188	183	176	168	163	161	156	147	141	127	120	114	117	125	128	124	117	88	82	104	112	102	97	85	83	69	76	88	79	77	86	240	248	246	247	247	247
248	248	248	248	248	248	248	248	248	248	248	248	249	247	246	244	242	241	240	236	221	171	85	84	81	65	71	76	89	90	89	94	88	97	126	149	152	148	153	152	132	136	126	141	130	143	99	95	111	153	121	120	113	96	108	174	216	218	231	242	229	219	239	237	226	236	236	229	234	236	211	158	141	112	93	103	117	94	76	91	83	74	99	142	148	158	166	170	172	179	182	184	177	167	161	157	150	141	134	130	121	113	115	122	123	114	105	81	88	112	110	96	95	84	77	73	83	90	74	79	118	246	248	246	247	247	247
248	248	248	248	248	248	248	248	248	248	248	249	249	248	246	244	243	241	241	236	216	171	85	87	84	63	71	70	84	82	84	96	87	90	123	153	151	150	153	158	126	134	124	137	144	128	129	110	108	104	129	129	120	142	141	126	108	103	141	169	163	174	214	210	185	199	207	170	153	147	119	98	111	114	108	106	110	94	83	82	66	72	106	150	154	165	175	178	180	185	187	183	175	165	158	153	145	135	128	135	124	114	115	119	117	105	93	78	90	117	109	93	95	84	72	81	89	90	70	84	143	249	248	246	247	247	247
248	248	248	247	247	247	246	246	246	245	245	247	246	246	244	243	241	240	239	234	226	160	102	88	80	79	77	83	68	86	100	102	94	83	102	143	129	127	152	139	144	135	130	126	133	139	138	129	118	112	111	116	120	127	135	142	147	149	152	141	145	137	141	140	136	145	143	146	144	152	156	146	139	134	121	100	102	97	90	78	88	83	125	152	162	172	177	179	181	187	193	186	180	170	160	151	145	141	140	135	123	118	126	131	119	101	90	102	102	104	104	97	85	75	70	85	88	80	65	77	187	248	247	246	247	247	247
248	248	248	247	247	247	246	246	246	245	245	247	246	245	244	243	241	240	239	234	226	160	102	88	80	79	77	80	68	82	93	97	95	83	94	124	122	126	140	122	127	126	126	124	128	135	139	140	134	127	120	116	127	139	147	153	167	187	204	193	208	202	194	184	194	212	205	197	186	182	171	151	140	134	122	103	97	96	94	93	95	91	126	153	161	171	178	179	182	188	193	186	179	170	159	151	144	140	138	134	122	118	126	130	118	101	91	105	107	109	106	97	85	77	74	86	86	76	82	77	215	250	240	246	247	247	247
248	248	248	247	247	247	246	246	246	245	245	246	246	245	244	243	241	240	238	234	226	160	102	88	80	79	77	76	69	77	82	92	97	86	84	110	119	125	130	114	121	124	124	124	126	130	139	149	151	144	136	118	125	129	130	133	148	171	190	222	235	230	211	187	202	220	205	185	171	161	147	129	122	124	116	107	100	108	105	106	94	102	135	154	161	170	177	180	183	188	191	184	178	169	159	150	142	137	134	131	121	118	126	129	117	101	92	107	113	115	107	94	83	78	77	87	86	72	92	89	247	251	234	246	247	247	247
248	248	248	247	247	247	246	246	246	245	245	246	246	245	243	242	240	239	238	234	226	160	103	88	80	79	77	75	74	74	76	89	101	92	78	96	112	122	119	110	116	121	118	128	127	128	134	144	150	153	152	144	138	132	127	129	137	146	153	158	174	174	160	149	168	192	168	153	141	136	130	120	123	130	127	117	112	126	114	105	81	110	150	156	161	168	175	181	184	188	190	182	176	168	158	149	140	133	129	127	119	118	126	127	115	101	94	106	114	114	101	87	80	78	76	87	88	73	78	126	252	249	236	246	247	247	247
248	248	248	247	247	247	246	246	246	245	245	245	245	244	243	242	240	239	237	234	226	160	102	88	80	79	77	75	79	74	75	88	101	97	79	87	113	133	125	119	117	122	126	131	131	129	126	128	136	150	159	157	154	150	146	145	145	147	149	169	171	164	163	158	160	165	142	144	137	139	140	132	135	140	135	134	127	130	113	98	79	119	154	157	160	166	174	181	186	188	188	179	175	167	158	147	137	128	124	122	117	119	126	126	113	101	97	103	111	106	90	80	79	78	73	87	92	80	63	176	252	243	244	247	247	247	247
248	248	248	247	247	247	246	246	246	245	245	245	245	244	243	241	239	237	237	234	226	160	102	88	80	79	77	74	80	73	77	86	94	98	82	70	103	132	128	125	109	114	123	130	131	128	122	120	127	143	156	153	161	167	163	153	145	147	152	144	143	135	152	167	164	163	153	140	135	143	148	145	147	150	142	144	132	118	105	92	91	129	146	158	159	163	172	182	188	189	185	177	173	166	157	146	134	124	119	119	115	119	126	124	111	101	99	103	107	98	81	77	84	82	72	88	93	86	81	220	246	240	251	247	247	247	247
248	248	248	247	247	247	246	246	246	245	245	245	244	243	242	240	239	237	235	233	226	160	102	87	80	79	77	69	78	70	77	81	83	93	84	59	78	105	113	129	106	97	97	126	125	124	124	126	131	139	144	151	160	168	165	154	148	150	156	160	164	144	151	166	150	142	145	143	140	148	155	151	153	158	151	133	130	110	105	88	104	138	142	159	159	162	171	183	189	188	184	176	172	166	156	145	132	121	115	116	114	119	126	123	109	101	100	106	106	93	76	79	93	90	74	91	93	89	134	244	244	241	254	247	247	247	247
248	248	248	247	247	247	246	246	246	245	245	244	244	243	242	240	238	237	235	233	226	159	102	88	80	79	77	64	74	67	76	77	74	88	84	83	83	99	119	160	137	110	93	121	119	120	127	136	141	139	135	134	135	140	144	148	151	152	153	147	162	139	137	153	140	135	148	147	141	145	147	139	140	143	137	113	125	110	110	83	107	143	145	160	159	161	171	182	190	188	184	175	171	165	156	145	131	120	113	114	113	119	126	122	108	101	102	110	107	91	74	83	101	97	77	92	91	89	183	251	248	244	252	247	247	247	247
247	247	247	247	247	247	246	246	246	245	245	244	243	242	241	240	238	238	236	232	222	155	101	91	86	82	76	75	67	65	72	76	78	86	96	82	64	83	128	155	154	126	90	111	133	128	111	122	136	134	130	145	142	140	144	149	147	140	133	141	146	132	114	112	106	108	123	126	134	136	132	132	135	134	128	124	121	116	99	84	125	144	154	149	155	165	173	176	175	170	165	167	161	153	143	135	128	124	122	121	122	120	114	107	104	106	110	108	107	86	78	83	90	95	78	85	86	103	241	236	245	248	235	246	246	246	246
247	247	247	247	247	247	246	246	246	245	245	244	243	242	241	240	238	237	236	232	222	154	100	91	86	84	78	79	77	73	69	70	75	80	83	82	64	71	101	122	132	128	112	106	125	129	119	120	127	130	130	139	137	137	142	148	148	144	138	150	140	131	104	108	94	106	111	121	133	140	135	130	133	136	134	125	120	113	98	87	130	145	153	150	156	166	173	177	174	171	167	167	161	153	143	135	129	125	123	122	123	121	114	108	104	107	110	108	105	84	77	83	88	93	78	86	78	154	238	238	246	246	246	246	246	246	246
247	247	247	247	247	247	246	246	246	245	245	244	243	242	241	239	238	237	235	232	222	152	99	91	86	86	81	76	80	76	65	65	74	78	73	79	61	59	75	93	112	127	129	103	113	128	129	121	120	127	130	132	132	134	140	148	152	151	149	160	141	141	118	131	122	146	141	122	138	147	140	132	133	137	139	124	117	109	98	94	137	148	151	152	157	166	172	176	175	172	169	166	160	152	143	135	129	126	124	123	124	122	115	109	105	108	112	109	104	82	78	83	87	92	79	87	74	216	235	241	246	244	253	246	246	246	246
247	247	247	247	247	247	246	246	246	245	245	244	243	242	241	239	238	236	235	232	222	153	98	90	87	88	84	71	74	72	66	67	74	77	75	73	60	54	64	84	108	126	133	110	106	123	137	129	124	130	129	128	130	135	142	151	157	161	162	179	158	157	145	147	145	157	144	138	148	152	145	138	138	138	135	123	114	107	100	98	143	150	149	153	158	165	172	175	174	172	170	164	159	151	143	136	130	127	125	124	125	123	117	110	107	109	113	113	105	83	82	88	88	93	83	84	87	248	236	241	245	244	252	246	246	246	246
247	247	247	247	247	247	246	246	246	245	245	244	243	242	241	239	238	236	235	233	221	152	97	89	89	90	88	79	73	71	73	71	67	67	72	76	65	52	57	81	109	125	132	120	105	117	138	140	136	135	129	130	133	139	146	153	160	168	172	182	172	167	179	165	173	165	153	158	159	154	147	145	146	137	123	121	114	109	103	102	145	151	147	154	156	163	168	171	172	171	169	163	158	150	142	136	131	128	127	126	127	125	118	111	108	110	114	117	107	85	87	92	90	95	87	82	115	247	240	240	243	247	244	246	246	246	246
247	247	247	247	247	247	246	246	246	245	245	244	243	242	241	239	238	237	235	233	221	151	97	89	89	91	90	92	82	78	79	74	61	57	62	80	72	50	43	68	98	118	131	125	110	114	132	143	143	138	133	131	136	142	146	151	158	168	176	170	176	172	194	175	187	169	165	164	160	151	145	146	148	134	117	119	116	115	109	104	143	148	146	152	155	159	164	168	168	168	167	161	156	150	142	136	132	129	128	127	128	126	120	113	109	112	116	118	105	84	88	93	88	93	88	86	145	237	242	241	241	247	239	246	246	246	246
247	247	247	247	247	247	246	246	246	245	245	244	243	242	241	239	238	237	235	233	221	149	95	89	90	94	92	93	90	85	80	73	65	59	57	72	73	52	35	51	78	102	122	119	115	114	123	138	140	137	139	131	136	142	144	146	150	161	171	172	183	177	184	169	167	149	151	151	151	147	140	140	143	132	118	117	119	122	114	105	139	145	145	149	151	155	159	163	165	165	165	160	155	149	142	137	132	130	129	128	129	127	121	114	110	113	117	115	100	78	84	90	83	88	85	93	167	236	241	245	239	244	244	246	246	246	246
247	247	247	247	247	247	246	246	246	245	245	244	243	242	241	239	238	237	235	234	221	149	94	87	89	94	94	85	90	87	77	73	73	70	60	58	69	54	34	41	63	88	111	112	118	115	116	132	134	133	144	129	134	140	140	140	144	156	165	173	187	185	181	179	169	161	171	136	141	142	136	135	136	131	122	115	120	127	118	103	136	143	145	147	149	153	156	160	162	163	163	159	155	149	142	137	133	131	130	128	129	128	121	113	110	112	116	111	95	73	81	86	78	83	82	97	177	243	239	248	239	239	251	246	246	246	246
247	247	247	247	247	247	246	246	246	245	245	243	242	241	240	240	238	237	236	238	224	137	103	93	94	95	95	92	92	90	85	79	71	64	61	54	64	63	49	40	50	65	73	104	117	125	110	129	132	141	143	132	139	133	147	145	156	156	180	176	190	190	204	203	187	182	164	153	153	140	146	134	141	128	126	122	121	120	104	87	120	134	144	149	152	157	160	162	159	156	152	152	153	152	144	136	132	138	144	135	133	129	124	119	114	110	108	111	97	83	82	88	92	87	80	103	192	236	245	237	246	243	245	245	245	246	246
247	247	247	247	247	247	246	246	246	245	244	243	242	241	240	240	239	237	236	237	223	138	103	93	93	96	95	93	93	91	87	80	73	67	63	58	60	59	52	43	42	56	70	87	111	115	109	114	127	129	134	131	137	130	148	145	153	162	179	175	188	187	197	199	192	192	177	161	163	150	146	133	142	135	133	121	124	116	97	85	123	130	135	141	145	152	157	161	161	159	157	153	152	149	144	139	138	140	143	139	137	133	128	123	118	114	112	108	95	84	81	87	91	88	81	103	194	236	244	236	244	243	245	245	245	246	246
247	247	247	247	247	247	246	246	246	245	244	243	242	241	240	240	239	237	236	236	222	137	102	93	93	96	96	95	95	93	90	84	77	71	67	63	58	55	54	44	35	44	61	68	104	109	111	104	123	120	129	130	137	128	150	146	149	171	178	188	198	190	187	186	191	199	190	169	170	159	152	141	146	139	135	121	127	108	82	80	124	125	124	134	138	146	154	160	161	161	159	152	148	144	142	143	143	142	141	143	141	137	132	127	122	118	116	104	93	83	81	86	90	88	84	104	199	235	243	237	242	243	246	245	245	246	246
247	247	247	247	247	247	246	246	246	245	244	243	242	241	240	240	239	237	236	234	220	136	102	93	93	97	97	98	98	97	93	88	82	76	72	65	61	58	53	43	34	38	47	56	94	106	107	103	114	116	126	130	136	128	149	149	146	175	177	193	203	202	191	185	187	188	180	177	166	156	157	153	147	135	130	123	124	95	59	64	120	123	120	132	137	145	153	158	159	159	156	151	144	139	140	145	146	143	138	144	142	138	133	128	123	119	117	102	94	85	82	85	88	89	86	106	205	233	242	238	239	243	246	245	245	246	246
247	247	247	247	247	247	246	246	246	245	244	243	242	241	240	240	239	237	236	232	218	134	101	93	94	98	98	101	100	99	97	93	87	81	78	66	69	65	53	42	40	38	35	43	71	94	90	98	95	105	118	127	131	127	141	146	141	166	172	176	190	202	196	187	181	171	163	183	155	140	145	152	139	128	126	120	112	77	40	45	109	123	121	137	141	148	153	156	156	154	152	149	143	139	141	146	147	142	136	143	141	137	132	127	122	118	116	104	97	90	85	86	88	89	88	107	211	232	240	240	237	242	247	245	245	246	246
247	247	247	247	247	247	246	246	246	245	244	243	242	241	240	240	239	237	236	230	217	133	100	93	94	99	99	103	103	103	100	97	92	87	84	69	76	72	58	49	47	41	31	32	45	66	68	86	72	87	105	118	120	123	121	137	131	140	161	165	166	176	170	161	159	156	167	172	141	125	124	135	122	119	118	109	89	59	30	30	98	124	122	139	143	149	155	157	156	154	152	152	149	148	149	150	148	143	140	144	142	138	133	128	123	119	117	109	104	97	91	87	87	89	90	109	217	230	239	241	235	242	248	245	245	246	246
247	247	247	247	247	247	246	246	246	245	244	243	242	241	240	240	239	237	236	228	215	132	99	92	94	99	99	105	105	106	103	100	95	91	88	77	76	74	67	60	52	42	35	29	29	40	60	73	63	72	101	105	106	114	96	123	118	110	145	157	144	148	139	128	126	132	160	134	126	126	113	119	107	107	98	91	63	47	32	24	89	122	120	137	140	148	155	160	161	160	159	159	160	163	161	156	151	149	148	148	146	142	137	132	127	123	121	115	111	104	96	89	87	89	90	110	222	229	237	242	233	242	248	245	245	246	246
247	247	247	247	247	247	246	246	246	245	244	243	242	241	240	240	239	237	236	228	215	131	99	92	95	100	100	106	106	107	106	102	97	93	90	83	75	72	75	68	52	42	41	33	27	25	64	69	66	67	106	96	95	108	79	112	109	88	134	143	127	139	136	121	107	102	131	94	115	136	116	114	102	97	75	76	45	42	38	25	85	120	116	132	138	146	156	162	166	166	165	165	170	174	171	162	155	153	155	152	150	146	141	136	131	127	125	120	115	109	99	91	87	89	91	110	224	228	237	242	232	242	249	245	245	246	246
246	246	246	246	246	246	245	245	244	244	243	243	242	241	239	239	237	235	234	221	211	128	89	97	97	110	103	99	102	106	109	107	104	100	96	84	84	81	76	69	60	51	47	41	32	29	38	47	52	65	79	80	102	73	85	107	95	101	99	97	131	126	117	108	123	111	112	90	118	107	98	88	71	71	63	46	47	26	32	18	57	116	143	131	133	139	147	154	159	163	164	170	164	156	150	149	153	158	163	159	149	139	136	137	134	123	113	118	114	106	95	87	83	86	88	114	200	229	230	240	238	241	242	242	242	243	243
246	246	246	246	246	246	245	245	244	244	243	243	242	241	239	239	237	235	234	222	207	126	90	97	96	107	101	99	102	107	110	108	105	101	98	88	87	85	80	74	65	58	54	57	42	24	20	34	50	56	54	59	83	68	82	94	81	90	89	82	113	112	105	91	99	93	102	85	91	71	75	85	75	64	46	41	39	22	23	16	49	109	137	140	142	147	153	158	160	162	163	166	162	157	154	153	155	159	162	150	148	144	138	132	127	123	121	114	109	101	92	84	81	83	84	100	197	223	236	235	233	242	239	242	242	243	243
246	246	246	246	246	246	245	245	244	244	243	243	242	241	239	239	237	235	234	224	199	123	91	98	96	104	100	100	103	107	110	110	107	103	101	92	91	89	85	79	73	67	64	56	53	38	20	19	31	37	33	39	61	60	75	78	67	80	78	74	89	87	88	81	82	76	84	83	87	71	70	70	50	39	36	35	29	19	12	14	37	99	129	125	128	132	137	140	141	141	141	159	158	158	159	159	160	160	161	159	157	153	149	144	140	136	134	111	105	97	89	84	81	81	80	85	184	220	239	230	229	242	238	242	242	243	243
246	246	246	246	246	246	245	245	244	244	243	243	242	241	239	239	237	235	234	224	188	117	92	99	96	101	99	101	104	109	112	114	110	106	103	95	94	91	87	82	77	73	71	55	57	49	35	27	25	23	19	32	44	47	59	60	57	71	67	77	66	57	67	76	73	64	63	41	50	50	49	40	18	16	32	31	22	20	9	18	31	86	119	122	126	133	140	145	147	147	146	153	155	160	163	164	163	161	160	160	150	142	141	145	145	136	127	112	105	97	91	88	86	84	81	81	157	226	234	232	233	240	242	242	242	243	243
246	246	246	246	246	246	245	245	244	244	243	243	242	241	239	239	237	235	234	222	174	111	92	100	97	99	101	102	105	110	114	115	113	110	107	98	95	91	86	82	77	75	74	73	56	43	44	46	39	26	19	31	30	25	33	40	44	55	50	65	44	37	47	59	52	49	45	46	41	37	37	41	30	18	28	29	21	25	14	25	28	70	106	120	127	138	150	159	164	166	165	152	156	161	165	167	165	162	159	159	150	141	141	145	145	136	127	116	108	100	96	96	95	90	84	88	124	225	223	236	240	237	246	242	242	243	243
246	246	246	246	246	246	245	245	244	244	243	243	242	241	239	239	237	235	234	218	159	103	93	102	100	99	104	102	106	112	116	118	116	113	111	105	101	96	89	85	80	77	76	83	65	52	52	51	42	38	40	29	24	12	14	23	30	33	33	40	23	29	31	33	24	32	31	34	27	22	17	24	21	5	9	26	21	29	23	29	30	52	91	103	112	126	142	155	163	166	165	156	159	163	165	166	164	161	159	161	160	156	152	147	142	139	137	120	111	103	101	104	103	96	88	95	99	198	215	237	243	236	245	242	242	243	243
246	246	246	246	246	246	245	245	244	244	243	243	242	241	239	239	237	235	234	214	147	96	93	104	103	101	108	103	107	113	118	120	119	116	114	114	110	103	95	88	84	81	80	78	75	70	62	53	46	46	48	28	32	23	15	25	24	18	29	30	16	26	20	20	12	26	23	18	24	31	21	27	34	26	37	21	21	29	32	31	29	32	75	97	107	122	139	153	161	163	164	163	163	164	164	163	162	161	160	162	159	155	150	144	138	134	132	120	111	103	103	108	107	99	88	97	90	151	215	232	239	237	237	242	242	243	243
246	246	246	246	245	246	244	245	243	244	243	243	242	242	240	239	237	235	234	210	139	92	92	105	104	101	111	103	107	114	118	121	120	117	115	122	116	109	99	92	87	85	84	79	79	73	65	65	65	49	30	31	45	40	28	35	27	15	33	35	15	23	16	22	19	32	18	19	25	30	14	21	34	22	28	16	20	29	39	29	29	21	64	92	102	117	134	147	154	156	155	168	167	165	164	162	161	160	160	179	168	158	155	156	153	143	132	119	110	101	101	108	108	98	87	94	91	111	219	225	235	239	229	242	242	243	243
245	245	245	253	247	242	240	244	244	242	237	245	251	251	241	234	233	233	232	197	121	86	96	96	99	108	105	103	108	114	115	114	116	121	125	120	118	117	112	106	97	91	87	85	83	81	75	69	65	62	60	36	33	29	26	25	27	29	31	32	31	30	28	27	25	24	24	29	29	30	30	30	30	30	29	27	27	23	31	43	30	18	24	55	81	108	123	133	143	148	147	158	161	165	169	171	172	172	171	168	166	162	158	155	150	147	146	134	134	121	101	93	98	100	95	99	104	107	169	223	238	242	225	243	243	242	243
245	245	245	247	251	253	252	247	242	241	242	243	245	243	239	243	243	224	200	121	89	86	103	98	89	94	97	109	113	118	119	117	118	123	128	120	119	117	113	107	99	93	89	90	89	86	81	75	70	68	65	52	49	44	38	34	33	32	33	31	31	29	28	27	26	25	24	30	30	30	30	30	30	30	30	34	35	33	42	53	39	23	26	41	60	89	111	121	129	139	150	158	161	165	169	171	172	172	171	172	171	167	164	160	156	153	153	142	138	125	109	101	100	101	101	94	94	103	121	214	228	236	252	242	242	242	243
245	245	245	245	244	244	243	243	246	249	251	231	242	241	235	237	225	169	107	90	84	92	102	97	92	101	111	115	119	123	123	120	120	124	128	122	122	120	116	110	103	97	93	96	95	92	88	82	78	75	73	67	64	60	55	51	49	48	47	43	41	40	38	38	36	35	34	33	33	34	34	34	34	35	34	43	45	47	56	63	49	31	28	30	34	54	87	110	122	133	147	156	159	163	168	170	171	172	171	177	176	173	170	167	164	162	162	153	143	130	120	111	103	104	107	95	94	88	106	152	234	233	254	241	241	242	244
