246	246	246	245	245	246	246	247	247	247	248	248	248	248	249	249	249	250	250	250	251	252	252	252	252	252	252	252	252	253	253	253	253	253	253	253	253	251	250	213	186	181	182	189	187	181	175	179	190	193	188	188	195	182	170	139	125	135	138	134	139	131	131	132	131	131	130	132	132	137	134	132	129	131	131	132	132	133	135	134	127	125	132	131	119	126	123	120	118	118	121	125	127	123	123	122	121	121	120	119	119	117	117	117	117	116	116	115	115	114	114	113	112	111	111	111	111	110	114
246	246	246	245	245	246	246	247	247	248	248	248	248	249	249	249	250	250	250	251	251	252	252	252	252	252	252	252	252	253	253	253	253	253	253	253	253	249	247	210	185	181	181	187	185	193	181	175	185	194	194	183	176	188	186	172	151	135	124	121	128	131	126	120	120	123	123	118	112	123	118	115	120	129	135	133	129	130	122	120	125	129	128	126	124	128	126	122	120	120	122	124	126	123	122	122	121	120	119	119	118	117	117	117	116	116	116	115	115	114	113	113	112	111	110	111	111	110	114
246	246	246	245	245	247	247	247	247	248	248	249	249	249	249	249	250	250	251	251	251	252	252	252	252	252	252	252	252	253	253	253	253	253	253	253	253	248	243	207	185	183	182	185	183	176	177	177	177	181	187	187	182	184	185	182	164	135	116	114	113	103	95	89	94	105	110	104	95	83	78	74	77	89	106	122	131	124	123	121	122	127	128	126	125	130	128	126	123	122	123	124	125	122	122	121	120	119	119	118	118	117	117	116	116	116	115	115	115	113	113	112	112	111	110	111	110	110	113
246	246	246	245	245	247	247	248	248	248	249	249	249	249	250	250	250	251	251	251	252	252	252	252	252	252	252	252	252	252	252	252	252	252	252	252	252	250	241	204	188	189	185	186	184	184	190	189	179	176	180	180	174	134	123	122	119	101	93	88	74	70	64	62	68	79	85	82	77	70	71	67	57	49	56	76	94	108	132	133	115	115	127	128	122	130	129	127	125	124	123	123	123	122	121	120	119	119	118	117	117	116	116	116	116	115	115	114	114	113	113	112	111	110	110	110	110	110	112
246	246	246	245	245	248	248	248	248	249	249	250	250	250	250	250	251	251	252	252	252	252	252	252	252	252	252	252	252	252	252	252	252	252	252	252	252	251	238	202	191	194	188	187	185	186	186	181	177	178	176	157	133	81	65	63	66	62	65	62	47	60	59	59	59	60	61	60	59	52	59	64	57	44	37	42	49	77	110	118	101	99	107	114	124	125	125	126	125	125	123	122	121	121	120	119	118	118	117	116	116	116	116	115	115	115	114	114	114	112	112	112	111	110	109	110	109	110	111
246	246	246	245	245	248	248	248	249	249	250	250	250	250	251	251	251	252	252	252	252	252	252	252	252	252	252	252	252	251	251	251	251	251	251	251	251	248	232	196	190	196	188	184	182	181	183	180	173	160	139	110	86	65	60	56	55	52	55	57	54	52	54	56	55	54	54	56	58	43	43	44	46	49	48	45	42	47	67	76	81	85	75	84	119	117	118	121	123	124	123	121	120	120	119	118	118	117	116	115	115	115	115	115	115	114	114	114	113	112	112	111	110	110	109	109	109	110	109
246	246	246	245	245	248	249	249	249	250	250	250	250	251	251	251	252	252	252	253	253	252	252	252	252	252	252	252	252	251	251	251	251	251	251	251	251	242	223	188	185	193	183	177	176	174	168	158	141	114	85	65	57	59	63	59	55	53	50	50	57	46	43	43	45	50	53	52	50	59	52	46	46	51	53	49	44	39	46	46	59	71	53	54	92	108	111	116	120	122	122	121	120	120	118	118	117	116	115	115	114	115	115	115	114	114	114	113	113	112	111	111	110	109	108	109	109	109	109
246	246	246	245	245	249	249	249	249	250	250	250	251	251	251	251	252	252	253	253	253	252	252	252	252	252	252	252	252	252	252	252	251	251	251	251	251	236	215	180	179	190	178	172	170	121	95	74	69	66	61	59	62	54	61	56	51	57	53	46	53	51	41	33	35	42	43	35	26	32	35	40	47	51	51	48	44	46	52	42	45	61	49	39	60	102	106	112	118	121	122	120	119	119	118	117	116	116	115	114	114	115	115	114	114	114	113	113	113	111	111	111	110	109	108	108	108	108	107
249	249	249	248	248	248	249	249	249	250	250	250	251	250	250	250	251	251	251	252	252	251	251	251	251	251	251	251	252	250	253	250	243	245	247	242	237	242	208	191	186	179	147	103	92	75	71	66	62	60	60	62	64	64	58	56	57	60	58	50	42	41	37	33	35	39	39	33	26	33	37	41	44	43	44	48	53	52	49	46	43	44	46	50	53	67	70	80	97	114	122	120	114	104	97	94	101	113	118	114	107	114	113	112	112	112	113	113	113	111	110	110	110	109	109	109	109	110	107
248	247	247	247	246	248	249	249	249	250	250	250	251	250	250	250	251	251	251	252	252	251	251	251	251	251	251	251	252	248	252	252	252	254	254	252	249	231	211	198	166	127	94	68	63	58	58	57	56	56	57	58	58	63	59	57	58	61	59	52	45	45	40	33	33	37	38	33	29	38	32	31	38	41	42	44	49	52	50	47	44	43	45	47	49	48	50	58	73	88	97	97	94	115	78	59	84	113	118	114	115	120	119	117	117	118	116	111	107	110	110	110	110	109	109	109	108	109	106
245	245	245	244	244	248	249	249	249	250	250	250	251	250	250	250	251	251	251	252	252	251	251	251	251	251	251	251	252	250	250	254	254	255	254	253	252	217	188	166	121	77	64	59	53	56	55	53	53	55	58	62	64	61	59	58	60	62	60	55	49	49	43	35	31	32	33	32	31	39	29	24	30	37	39	40	44	53	51	47	44	42	42	43	44	41	42	47	58	70	79	83	82	73	64	55	60	87	115	122	114	118	115	112	114	118	117	111	103	110	110	110	109	109	108	108	108	109	106
244	244	243	243	243	248	249	249	249	250	250	250	251	250	250	250	251	251	251	252	252	252	252	252	252	252	252	252	253	254	249	253	255	252	249	250	247	224	159	114	78	53	61	58	41	63	59	54	51	52	56	62	67	56	57	59	61	61	60	57	54	53	46	37	30	27	29	31	33	34	34	31	27	29	37	42	42	52	50	47	44	42	40	39	38	44	44	48	54	63	71	77	80	45	55	49	35	50	91	116	115	112	106	102	105	112	115	111	105	110	110	109	109	108	108	108	108	108	106
245	244	244	243	243	248	249	249	249	250	250	250	251	250	250	250	251	251	251	252	252	252	252	252	252	252	252	252	252	255	248	252	254	252	251	249	233	179	107	71	60	54	65	64	51	59	58	57	55	54	52	51	51	50	53	57	59	59	58	57	57	55	49	41	32	26	25	29	31	24	41	45	30	23	34	44	43	49	48	47	45	43	40	37	35	40	42	46	50	54	60	66	70	74	54	31	20	25	48	82	108	114	108	103	103	108	111	110	108	109	109	109	108	108	108	107	107	106	105
247	246	246	246	246	248	249	249	249	250	250	250	251	250	250	250	251	251	251	252	252	253	253	253	253	253	253	253	253	254	248	254	253	253	252	242	203	99	60	58	65	59	60	60	65	52	57	63	67	65	57	47	40	42	47	54	56	55	54	55	57	53	51	45	36	27	23	25	28	17	40	50	36	24	29	39	41	44	44	45	45	43	40	36	34	34	39	45	48	49	51	55	59	72	71	59	36	17	22	47	72	110	111	111	110	109	109	110	111	109	109	108	108	107	107	107	107	105	105
250	249	249	249	249	248	249	249	249	250	250	250	251	250	250	250	251	251	251	252	252	253	253	253	253	253	253	253	253	252	248	253	252	251	248	209	142	75	63	70	70	59	51	41	47	50	54	60	64	63	58	51	46	34	42	50	52	51	50	53	57	50	53	49	41	29	22	21	24	18	29	41	41	32	24	26	34	39	41	43	45	44	41	38	36	31	39	49	52	50	48	49	52	45	74	89	68	38	28	33	38	77	90	105	111	110	107	110	114	108	108	108	108	107	107	106	106	105	105
252	251	251	251	251	248	249	249	249	250	250	250	251	250	250	250	251	251	251	252	252	253	253	253	253	253	253	253	252	250	248	252	252	243	231	173	83	76	68	67	60	63	64	48	44	47	46	45	44	46	48	51	53	30	38	47	50	48	47	51	56	48	53	52	44	31	21	19	21	21	18	29	45	40	19	17	28	35	38	42	44	45	42	39	36	25	35	47	51	47	42	42	43	53	55	72	87	73	41	29	38	36	60	90	106	108	106	110	117	109	108	108	107	107	107	106	106	104	105
250	249	248	248	248	246	247	247	248	249	250	250	250	248	248	248	249	250	251	251	252	254	254	252	245	249	254	254	251	250	251	249	249	244	171	90	71	66	65	64	62	62	59	59	58	44	47	48	46	43	44	50	56	44	37	31	45	62	51	37	46	67	54	49	51	46	31	16	13	20	18	26	42	47	36	22	17	40	36	33	34	39	39	35	30	24	26	31	41	50	53	49	44	58	50	44	49	80	66	20	41	20	31	59	91	105	104	105	111	109	108	108	107	107	107	106	106	104	104
250	249	248	248	247	246	247	247	248	249	250	250	250	248	248	248	249	250	251	251	252	254	254	252	249	249	251	250	249	251	242	244	222	147	85	72	74	65	64	61	60	57	55	54	52	47	48	48	44	41	43	50	57	51	43	30	34	56	66	52	36	52	51	50	49	50	42	24	10	13	17	24	32	40	40	33	23	29	32	37	39	38	35	33	31	25	25	27	35	43	48	46	42	43	55	59	54	52	68	46	30	33	36	48	71	93	104	109	111	109	108	108	108	107	107	106	106	104	104
249	249	248	247	247	246	247	247	248	249	250	250	250	248	248	248	249	250	251	251	252	254	252	252	252	249	247	248	249	244	244	199	127	86	72	72	83	64	63	61	57	54	51	48	46	50	50	47	42	38	41	51	59	58	51	39	29	41	67	67	42	33	45	53	51	49	47	33	14	10	18	21	22	31	42	40	30	17	27	38	40	37	31	32	33	28	23	22	24	33	39	42	40	36	50	63	65	36	58	66	27	46	40	37	46	73	100	112	111	110	109	108	108	107	107	107	107	105	105
249	248	247	247	247	246	247	247	248	249	250	250	250	248	248	248	249	250	251	251	252	254	249	250	254	249	248	251	250	246	221	137	72	78	85	68	63	66	65	62	58	53	49	46	44	53	52	48	41	37	40	50	58	65	56	51	39	27	44	67	69	27	40	50	50	46	42	37	30	18	19	16	16	23	34	36	31	17	22	29	31	31	30	31	33	28	21	15	15	22	30	34	35	43	36	46	67	54	41	62	41	46	42	33	33	54	87	108	110	110	109	109	108	108	108	107	107	106	106
249	248	247	246	246	246	247	247	248	249	250	250	250	248	248	248	249	250	251	251	252	254	246	248	253	248	251	251	238	211	124	84	90	77	66	68	58	68	66	63	59	55	51	48	46	53	52	49	43	38	40	48	55	76	55	52	51	27	21	54	88	46	38	35	39	43	39	37	39	32	21	13	16	20	22	25	28	25	21	18	19	25	30	32	31	29	21	12	11	16	24	29	29	49	28	29	52	79	38	52	52	34	39	37	31	41	68	96	109	111	110	109	109	108	108	108	108	107	107
248	247	247	246	246	246	247	247	248	249	250	250	250	248	248	248	249	250	251	251	252	254	245	249	252	248	252	237	200	124	76	63	84	83	66	63	65	66	64	62	59	55	52	50	48	50	52	52	48	42	41	45	50	82	54	48	57	40	19	39	77	70	43	23	27	39	39	36	33	39	23	13	15	18	14	15	22	28	19	12	10	18	25	28	26	29	20	12	10	14	20	24	23	43	31	24	33	80	55	53	50	22	34	40	34	33	51	82	106	111	110	110	109	109	108	108	108	108	108
248	247	246	246	245	246	247	247	248	249	250	250	250	248	248	248	249	250	251	251	252	251	245	252	254	248	247	211	145	79	86	71	61	71	66	49	48	59	59	57	55	53	50	49	48	46	51	55	53	47	42	42	44	70	59	55	60	53	30	28	48	77	56	33	24	28	31	31	29	35	25	16	13	15	15	15	14	22	19	14	13	14	17	20	22	27	20	13	11	15	19	19	18	35	33	27	30	57	77	57	46	19	28	36	34	29	39	73	104	111	110	110	110	109	109	109	108	108	108
248	247	246	245	245	246	247	247	248	249	250	250	250	248	248	248	249	250	251	251	252	247	244	253	253	248	242	190	104	66	53	68	69	42	46	63	50	54	53	52	51	50	48	47	47	43	50	56	56	50	43	41	41	50	65	67	61	56	38	21	24	69	68	53	28	14	18	27	30	26	26	18	9	11	21	19	10	15	19	21	18	13	11	14	19	26	21	15	14	17	19	18	15	32	30	27	39	37	88	60	46	23	24	30	32	28	35	67	102	112	110	111	110	110	109	109	109	109	109
246	246	246	245	245	244	244	245	246	247	247	248	248	251	247	245	248	252	251	248	247	248	251	244	238	236	160	78	72	72	63	54	50	52	57	59	58	53	48	54	52	39	49	57	34	37	50	62	61	52	44	40	39	32	93	77	48	43	56	28	26	53	60	56	50	42	18	8	17	20	19	17	15	13	11	10	9	16	15	15	15	15	14	14	14	17	15	12	10	10	11	14	15	28	37	19	28	40	59	82	50	22	24	27	31	40	31	41	102	105	107	110	112	113	111	109	108	107	107
246	246	246	245	245	244	244	245	246	247	247	248	248	243	253	253	249	250	249	244	242	251	235	248	247	175	104	82	76	60	66	73	74	71	69	69	72	65	70	64	44	42	52	47	43	41	47	56	60	53	44	41	43	46	70	93	56	61	38	48	38	22	65	74	42	27	34	32	16	20	19	18	16	14	12	11	9	13	13	13	13	14	14	14	13	15	13	10	10	10	11	13	14	28	37	21	29	39	57	80	51	23	23	25	31	41	31	37	88	105	107	110	112	112	111	109	107	107	107
246	246	246	245	245	244	244	245	246	247	247	248	248	244	254	250	242	251	252	252	251	251	239	249	230	123	73	81	70	66	64	58	49	43	45	54	63	51	76	79	44	42	47	33	54	44	42	49	60	57	45	42	48	47	75	98	81	36	36	47	43	26	47	64	55	37	33	33	25	21	20	18	16	14	12	11	10	8	10	10	10	11	11	13	13	11	10	9	8	8	10	11	13	30	34	22	29	37	54	75	51	23	20	22	30	42	33	30	68	105	107	110	112	112	111	109	107	107	107
246	246	246	245	245	244	244	245	246	247	247	248	248	247	252	242	240	253	252	246	250	235	250	231	149	90	76	70	62	62	58	54	52	52	48	41	34	32	54	74	50	46	52	32	45	42	34	42	61	65	50	43	49	51	74	90	99	40	28	23	40	47	32	45	65	52	30	24	25	21	21	19	17	15	13	12	11	6	7	8	9	10	11	12	12	10	8	7	7	7	9	11	13	30	31	23	30	35	50	68	52	24	17	20	29	41	34	25	49	105	106	109	111	112	110	108	107	107	107
246	246	246	245	245	244	244	245	246	247	247	248	248	245	248	246	250	253	245	235	241	241	231	147	70	68	75	61	65	60	58	56	58	60	57	50	43	42	37	61	60	50	57	43	33	38	28	36	61	71	58	47	46	52	48	80	96	103	33	19	34	35	33	45	50	41	39	36	19	21	21	19	17	15	13	12	12	7	9	9	10	11	10	11	10	7	7	6	6	7	9	13	15	30	27	25	30	32	46	61	52	25	16	20	28	38	34	23	38	104	106	109	111	111	110	108	106	107	107
246	246	246	245	245	244	244	245	246	247	247	248	248	249	250	252	250	245	246	252	251	227	148	78	66	76	71	64	71	64	63	59	51	42	39	42	47	51	44	65	76	50	40	51	47	37	27	31	54	70	65	54	49	30	49	68	89	116	93	52	29	19	29	40	40	33	36	39	34	22	22	20	18	16	14	13	13	13	13	13	12	12	11	9	9	8	7	7	7	9	12	16	19	30	24	26	30	29	42	55	53	26	17	23	28	34	33	26	37	104	105	108	110	111	109	107	106	107	107
246	246	246	245	245	244	244	245	246	247	247	248	248	253	251	253	244	238	252	251	231	157	89	64	84	85	74	74	74	63	70	76	73	61	46	34	29	39	48	54	81	66	32	49	58	41	30	26	40	60	69	63	54	23	55	60	80	74	115	86	48	27	22	24	35	36	24	25	43	23	22	21	19	17	15	13	13	19	19	18	16	13	11	9	8	11	10	10	10	13	16	21	23	30	21	27	30	27	39	50	53	26	18	26	28	29	32	31	42	103	105	108	110	110	109	107	105	107	107
246	246	246	245	245	244	244	245	246	247	247	248	248	253	248	252	245	240	251	227	146	81	76	69	67	72	76	77	78	83	78	73	70	69	65	57	50	27	37	18	68	95	50	45	46	46	32	22	29	52	70	70	60	51	31	61	64	56	61	97	85	38	31	18	21	35	26	19	29	23	23	22	19	18	15	15	13	25	23	21	17	15	11	8	7	13	12	11	12	15	19	24	25	30	20	28	30	26	37	47	53	26	20	29	29	26	31	35	46	103	105	108	110	110	109	107	105	107	107
246	246	246	245	245	245	245	246	246	246	247	247	247	243	253	253	238	248	236	206	119	74	75	74	70	64	64	68	73	70	67	66	67	71	71	65	59	55	47	38	41	84	84	42	56	49	44	31	19	27	49	61	60	67	46	45	66	69	55	59	81	83	59	29	12	11	15	21	23	27	25	21	17	15	15	17	17	28	26	24	19	17	13	13	12	13	14	16	19	22	25	27	27	32	33	34	35	36	37	38	39	22	22	32	29	27	33	32	41	94	110	111	104	107	109	108	112	105	108
246	246	246	245	245	245	245	246	246	246	247	247	247	246	249	248	245	231	221	180	112	71	72	72	69	63	63	68	73	68	63	60	60	55	51	59	71	60	56	45	33	60	99	89	60	57	53	41	29	27	36	48	54	50	57	53	45	56	73	63	36	51	57	59	47	28	15	17	23	28	26	22	19	18	18	20	22	27	25	23	21	18	17	16	15	18	19	21	23	26	28	30	30	32	33	34	35	35	36	37	38	22	23	32	29	27	32	31	40	87	105	109	104	109	110	107	109	105	108
246	246	246	245	245	245	245	246	246	246	247	247	247	245	242	242	244	215	207	147	93	65	67	67	64	59	60	65	70	70	68	62	51	42	41	47	52	57	48	53	57	50	81	117	98	76	70	61	47	34	27	35	46	41	49	53	52	58	67	64	54	52	54	54	48	38	28	23	21	24	22	20	18	19	20	23	25	30	30	30	29	28	27	25	25	25	25	26	28	30	30	32	33	32	33	33	34	34	35	35	36	23	24	33	29	27	32	30	39	78	99	106	105	110	110	105	106	106	108
246	246	246	245	245	245	245	246	246	246	247	247	247	243	247	247	233	221	197	113	74	66	68	69	65	62	62	67	73	67	72	64	49	46	52	44	27	41	42	53	73	55	64	117	123	105	92	81	71	55	37	35	44	44	36	37	47	50	47	54	68	68	55	41	37	42	43	37	29	25	24	23	23	25	28	32	34	39	40	41	40	40	38	34	33	29	29	30	30	31	31	32	31	32	33	33	33	32	33	33	33	25	25	34	29	27	31	29	38	72	94	104	105	112	111	104	104	106	109
246	246	246	245	245	245	245	246	246	246	247	247	247	250	251	248	229	239	173	82	70	72	73	73	69	65	65	69	74	71	70	66	60	57	52	42	31	28	47	41	49	56	69	105	113	126	110	98	92	81	62	50	49	54	54	44	35	45	60	57	39	48	49	49	46	43	40	39	39	32	31	32	34	37	42	47	50	47	48	49	48	46	41	35	33	32	31	31	30	30	28	28	28	33	32	32	32	31	30	30	30	26	26	35	30	27	30	28	36	72	94	104	105	112	111	104	104	106	109
246	246	246	245	245	245	245	246	246	246	247	247	247	253	245	243	235	231	132	63	74	67	67	67	62	55	54	58	62	91	79	76	80	63	36	29	40	31	41	32	39	52	50	71	109	125	115	106	103	99	85	69	60	53	61	61	52	56	67	60	41	32	37	43	41	36	33	35	39	37	37	39	42	47	54	60	63	62	62	63	59	53	43	34	29	35	35	33	32	31	29	28	27	33	32	32	31	29	28	28	27	28	27	35	30	26	29	27	35	78	99	106	105	110	110	105	106	107	109
246	246	246	245	245	245	245	246	246	246	247	247	247	251	242	244	239	178	93	68	71	67	67	65	59	50	47	50	54	84	82	84	86	70	46	34	37	34	28	36	48	48	35	43	88	104	107	109	106	101	95	83	72	57	53	57	66	63	52	51	58	42	38	35	35	40	43	46	45	55	55	58	62	68	76	83	87	87	87	85	80	70	57	44	37	41	40	39	36	34	32	30	29	33	32	31	30	28	27	26	25	29	28	36	30	26	29	26	34	87	105	109	104	109	110	107	109	107	110
246	246	246	245	245	245	245	246	246	246	247	247	247	239	244	251	237	122	72	82	61	77	78	74	67	58	54	57	61	47	67	80	79	81	82	62	34	31	26	46	42	43	58	45	38	83	98	109	104	97	94	87	79	90	72	61	64	66	59	53	54	51	52	53	55	58	60	62	63	80	81	84	89	96	104	112	115	111	110	108	100	88	73	58	49	47	45	43	40	37	36	33	32	33	31	31	30	28	27	26	25	30	29	37	31	27	29	26	33	94	110	111	104	107	109	108	112	107	110
245	245	245	244	244	245	245	246	246	246	247	247	248	244	249	249	205	102	67	67	60	74	72	68	63	59	54	51	49	48	63	79	83	76	69	68	71	34	33	33	33	36	41	45	48	52	69	92	108	111	106	98	95	78	78	77	75	71	64	58	54	59	62	66	72	78	84	89	91	107	108	110	112	115	118	120	121	130	127	123	121	116	105	90	79	68	55	39	33	35	35	28	19	22	19	19	19	21	25	29	32	36	26	21	22	23	21	24	31	93	104	101	97	107	112	106	105	111	112
245	245	245	244	244	245	245	246	246	246	247	247	248	251	251	241	185	83	62	74	75	78	77	73	67	62	57	53	51	43	45	54	68	80	83	77	68	60	52	42	34	32	36	43	48	49	55	67	85	101	108	107	102	94	92	89	85	82	79	78	77	88	91	95	100	106	112	116	118	128	128	130	133	135	136	139	139	133	131	130	129	127	120	107	97	85	71	54	42	39	37	33	27	24	21	21	21	22	25	30	32	38	29	20	19	19	20	31	46	95	107	103	98	106	111	107	107	110	112
245	245	245	244	244	245	245	246	246	246	247	247	248	247	249	237	178	77	63	79	79	83	80	76	70	63	59	54	51	50	41	36	44	62	75	78	74	61	58	55	53	55	59	63	66	58	58	63	75	93	107	116	118	114	110	106	103	101	102	105	106	113	114	119	122	127	133	137	138	140	141	142	144	146	147	150	150	139	138	137	139	140	135	126	118	106	94	76	59	47	40	37	34	25	24	23	21	22	24	28	30	35	27	19	15	12	17	38	60	98	109	106	99	105	110	108	110	109	111
245	245	245	244	244	245	245	246	246	246	247	247	248	242	247	239	181	82	68	83	80	82	79	74	68	61	56	51	48	51	47	42	39	42	50	62	70	69	67	66	66	66	68	68	70	83	87	91	94	99	109	122	132	125	124	122	121	121	123	125	127	128	130	132	136	140	145	147	148	147	147	148	150	151	153	154	155	148	145	143	144	145	141	133	127	118	111	96	78	60	46	39	35	26	23	21	19	19	20	23	24	24	19	16	13	8	13	37	62	95	109	108	100	105	109	108	112	108	111
245	245	245	244	244	245	245	246	246	246	247	247	248	248	250	242	186	87	70	85	83	74	71	67	61	55	49	46	43	38	46	53	51	45	42	46	53	65	60	56	55	60	70	81	89	104	110	116	120	122	127	134	141	131	133	136	139	141	141	141	140	149	149	152	154	157	159	160	161	160	161	161	162	163	164	165	165	157	153	148	145	144	139	131	124	121	117	109	94	76	57	43	34	26	23	21	17	16	15	17	18	10	10	12	13	8	10	29	50	85	103	107	102	106	108	107	111	107	110
245	245	245	244	244	245	245	246	246	246	247	247	248	245	249	248	206	105	71	73	69	64	62	59	55	50	46	42	40	39	42	46	47	48	49	51	53	53	53	56	63	75	89	104	112	116	119	126	138	149	154	151	147	142	145	150	154	156	157	155	153	163	164	165	166	168	169	172	171	170	169	171	171	171	171	171	171	166	159	153	148	144	139	130	124	120	119	113	105	92	73	54	40	30	27	22	19	16	16	16	17	8	7	10	14	10	9	19	33	69	94	105	104	108	107	104	108	106	109
245	245	245	244	244	245	245	246	246	246	247	247	248	242	244	250	221	116	67	57	54	58	57	55	51	48	46	43	42	50	44	40	40	47	55	60	62	69	73	78	85	94	103	111	115	126	131	143	158	171	174	169	162	162	163	165	167	169	170	170	170	172	172	173	173	174	175	175	174	172	172	172	172	171	171	171	171	175	167	158	153	151	146	139	133	125	119	113	108	102	88	69	52	38	34	29	24	21	20	19	20	15	11	11	15	13	10	14	22	52	83	102	106	111	108	102	105	106	108
245	245	245	244	244	245	245	246	246	246	247	247	247	252	245	247	217	111	57	50	54	56	56	54	52	49	47	45	44	47	47	48	49	53	57	57	58	76	75	76	82	94	109	125	134	135	147	165	177	180	179	177	177	177	175	173	173	175	178	182	184	178	179	179	179	179	179	180	179	174	174	174	174	174	172	172	172	179	172	165	160	159	155	149	144	129	120	110	108	108	99	80	64	43	40	35	29	25	24	23	23	24	16	12	14	15	12	13	18	42	76	100	108	112	108	100	102	105	108
244	244	244	244	244	244	244	245	245	245	246	246	246	254	235	239	242	118	40	45	43	48	51	55	57	57	55	52	49	51	46	44	50	60	66	67	64	70	60	57	73	101	126	137	139	157	167	179	185	185	183	183	184	186	186	186	186	186	186	186	186	189	189	188	188	187	186	185	185	182	181	181	179	177	175	174	173	175	171	167	164	162	157	147	140	135	129	120	115	110	104	95	88	57	42	30	29	28	25	25	29	25	20	12	9	10	16	20	24	46	85	101	107	107	101	107	111	106	107
244	244	244	244	244	244	244	245	245	245	246	246	246	254	246	243	249	121	45	48	44	49	50	54	56	57	54	52	50	50	46	46	51	62	67	67	64	72	62	65	89	114	130	142	153	164	173	184	189	189	187	187	189	190	190	190	190	190	190	190	191	191	191	190	189	188	187	187	187	184	183	182	180	179	177	176	175	177	174	169	167	164	159	149	142	135	128	120	114	111	105	96	89	63	47	34	30	28	23	24	27	30	19	9	8	15	22	25	24	49	86	101	107	108	101	107	111	106	107
244	244	244	244	244	244	244	245	245	245	246	246	246	248	254	247	253	135	45	49	46	49	50	52	54	55	53	52	52	48	48	49	56	64	69	69	67	72	67	80	110	130	138	152	169	173	180	191	195	195	193	194	196	196	196	196	196	196	196	196	196	194	195	193	193	192	191	190	190	187	186	185	183	181	179	178	178	180	177	172	170	167	162	152	145	135	128	121	115	112	107	97	91	73	55	39	32	28	22	21	25	29	22	15	12	17	24	32	36	55	89	101	106	108	102	107	110	107	108
244	244	244	244	244	244	244	245	245	245	246	246	246	245	253	249	253	161	44	48	47	48	49	51	51	53	52	53	54	48	51	56	62	69	72	73	73	70	79	99	123	140	149	163	178	180	187	195	197	197	195	197	199	197	197	197	197	197	197	197	198	197	198	196	196	195	194	193	193	190	189	188	186	185	182	181	181	183	179	174	172	170	164	155	147	136	129	122	117	114	108	101	95	84	64	45	35	29	20	19	23	22	25	26	21	15	23	41	58	62	94	102	106	108	103	107	108	107	108
244	244	244	244	244	244	244	245	245	245	246	246	246	246	242	247	250	193	52	46	48	48	47	48	48	50	52	54	55	50	56	64	71	75	78	80	81	74	96	119	131	143	161	175	179	184	189	195	197	195	194	197	199	196	196	196	196	196	196	196	196	199	199	199	198	197	196	195	195	192	191	190	187	186	184	183	183	184	179	175	173	171	166	156	147	136	131	123	118	116	112	104	98	94	72	51	38	30	20	20	23	20	24	27	24	22	33	56	75	70	98	102	105	108	104	107	107	108	109
244	244	244	244	244	244	244	245	245	245	246	246	246	249	237	245	245	218	83	48	48	47	47	46	47	48	51	55	57	54	62	74	82	84	86	88	91	90	116	134	138	149	170	183	181	187	191	195	196	193	193	196	200	195	195	195	195	195	195	195	195	199	199	198	198	197	196	195	195	191	190	189	187	186	184	183	182	182	178	173	171	170	164	154	146	137	131	124	120	118	115	107	101	100	78	54	40	30	22	22	26	26	20	16	20	34	55	73	85	77	102	103	104	108	105	107	105	108	109
244	244	244	244	244	244	244	245	245	245	246	246	246	251	244	244	244	229	130	54	47	47	46	44	44	46	50	55	59	56	67	82	90	92	93	96	99	116	132	145	150	159	178	188	186	192	195	197	197	195	195	198	201	196	196	196	196	196	196	196	196	198	198	198	197	196	196	195	194	189	188	187	185	184	182	182	181	180	176	171	169	167	162	152	144	138	132	125	121	119	117	110	104	105	81	56	41	31	23	24	29	25	16	10	19	41	68	87	97	83	105	103	104	109	105	107	104	108	109
244	245	244	245	244	245	244	246	245	246	246	247	246	252	253	244	247	231	166	60	48	46	45	43	43	45	50	56	59	59	71	86	95	97	97	100	104	136	142	150	158	169	180	188	190	195	197	199	198	195	196	199	202	197	197	197	197	197	197	197	197	196	197	197	196	195	194	194	193	187	187	185	184	183	182	181	180	178	173	169	167	166	159	150	143	138	132	125	122	120	118	111	105	106	83	56	42	32	25	26	32	19	15	14	22	41	69	95	109	86	107	103	103	109	106	107	103	109	110
244	244	244	244	244	246	246	247	247	247	248	248	248	253	239	243	252	252	220	90	52	41	44	48	48	48	57	69	73	67	80	95	101	104	113	130	144	158	160	165	172	179	186	190	193	195	196	195	196	196	196	195	195	195	194	194	193	192	191	191	190	194	194	194	195	194	194	195	195	188	187	186	184	182	182	180	180	176	174	170	164	159	154	150	148	136	134	130	124	118	112	107	106	99	88	70	50	35	26	23	23	24	20	22	14	60	97	105	94	106	109	111	107	101	100	105	111	107	108
244	244	244	244	244	246	246	247	247	247	248	248	248	245	253	253	250	237	180	105	53	46	46	50	52	55	63	72	75	83	96	112	120	122	129	144	156	164	166	170	175	181	186	190	193	195	196	196	196	196	196	196	195	195	195	194	193	193	192	192	191	194	194	194	195	194	195	195	195	187	186	185	183	181	180	178	177	175	173	169	164	159	154	150	147	137	134	129	124	117	111	107	106	98	88	70	52	35	26	23	22	26	17	17	16	73	114	117	106	104	105	108	108	106	104	104	106	107	108
244	244	244	244	244	246	246	247	247	247	248	248	248	248	254	241	245	248	194	171	80	51	50	51	56	64	70	74	78	106	119	136	146	149	153	163	171	174	176	178	181	186	189	192	193	197	197	197	197	197	197	197	197	196	195	196	194	194	192	193	193	194	194	195	195	195	195	195	195	186	185	183	181	179	177	176	175	174	172	168	162	158	152	148	146	137	133	129	123	118	111	107	106	98	88	70	52	36	27	23	23	26	16	15	20	88	131	130	119	103	102	104	107	109	108	104	100	107	108
244	244	244	244	244	246	246	247	247	247	248	248	248	254	253	231	243	253	235	229	115	52	51	49	56	69	72	74	83	128	141	157	168	171	173	177	181	185	185	186	187	190	192	193	194	198	198	199	198	199	198	199	198	198	196	197	196	195	194	194	193	195	195	195	196	195	195	196	196	187	185	183	181	178	175	174	172	172	170	166	161	156	150	146	144	136	134	130	123	118	111	107	105	99	89	71	52	36	27	24	23	24	18	18	26	96	133	132	129	110	104	100	103	108	110	106	101	107	108
244	244	244	244	244	246	246	247	247	247	248	248	248	253	253	246	247	236	239	231	132	50	49	45	52	68	70	75	95	145	155	168	178	183	184	185	186	191	191	191	192	193	194	194	195	199	199	200	199	200	199	200	200	199	198	198	197	196	195	196	195	196	196	196	196	196	197	196	196	189	188	185	182	178	175	173	171	170	168	164	159	154	149	144	143	136	133	129	122	117	110	107	105	99	89	71	53	37	28	24	23	21	21	24	31	97	126	125	132	122	112	102	99	103	108	108	106	107	108
244	244	244	244	244	246	246	247	247	247	248	248	248	251	248	253	246	230	240	226	133	46	49	43	50	66	67	81	115	159	163	173	180	184	187	187	187	193	193	194	194	195	196	195	196	201	201	201	201	201	201	201	201	199	199	200	198	198	196	197	195	196	196	196	196	197	196	197	197	193	192	189	185	181	177	175	172	169	166	162	157	152	147	144	141	135	133	129	122	117	110	107	104	101	90	72	53	37	28	25	24	19	23	26	34	100	123	119	133	132	122	110	103	102	105	109	111	107	108
244	244	244	244	244	246	246	247	247	247	248	248	248	251	243	250	243	250	246	237	131	47	52	45	49	64	67	89	138	169	170	174	178	183	186	189	189	192	192	193	193	195	196	196	196	201	201	202	201	202	201	202	201	201	200	200	198	199	197	197	197	196	196	196	197	197	197	197	197	198	196	193	188	184	179	177	174	167	165	162	157	151	145	142	140	135	133	128	123	116	111	106	104	101	90	72	54	37	28	25	24	20	21	22	34	109	130	122	136	136	130	122	112	105	103	107	112	107	108
244	244	244	244	244	246	246	247	247	247	248	248	248	248	246	253	243	254	233	239	124	48	57	48	51	64	67	96	154	175	174	174	177	182	186	190	190	190	191	192	194	194	196	197	198	202	202	202	202	202	202	203	203	202	201	201	200	199	198	198	197	197	196	197	197	197	197	197	197	200	198	195	191	186	181	178	176	166	164	161	156	150	145	142	139	136	133	128	122	116	110	106	104	101	90	72	54	38	29	25	24	22	19	16	33	117	140	127	138	136	135	131	121	109	103	105	110	107	108
244	244	244	244	244	246	246	246	246	246	246	246	246	249	247	240	245	246	250	242	118	42	46	49	50	57	77	116	162	176	175	176	177	180	181	183	184	186	185	184	186	192	199	204	206	209	205	201	203	208	209	206	202	206	206	205	204	203	201	200	200	200	200	200	200	201	201	200	201	203	202	200	197	192	185	177	173	171	171	169	165	159	149	141	135	145	135	124	117	116	113	109	105	98	94	76	51	32	28	27	24	28	23	23	58	113	134	129	133	131	131	132	130	123	112	102	95	100	106
244	244	244	244	244	246	246	246	246	246	246	246	246	247	248	244	246	244	249	250	142	37	41	42	57	68	82	126	167	179	177	178	178	180	183	188	189	184	176	168	169	179	190	194	194	205	204	203	206	208	210	210	209	207	207	205	205	203	202	201	200	200	200	200	200	201	201	201	201	202	201	200	197	193	186	179	176	171	170	168	164	158	149	141	136	140	132	122	115	115	113	109	105	98	95	78	53	33	28	27	24	27	21	20	52	105	128	129	136	131	131	133	131	126	117	107	101	101	106
244	244	244	244	244	246	246	246	246	246	246	246	246	244	247	248	248	243	248	254	168	41	42	38	59	68	81	138	172	180	178	178	177	176	175	174	173	149	145	140	141	149	162	173	179	205	206	207	206	205	204	206	207	207	206	205	204	203	202	201	201	200	200	200	200	201	201	201	202	200	200	200	199	195	190	184	181	175	174	172	167	161	154	147	144	138	130	121	115	115	112	107	103	97	96	81	55	33	27	26	24	25	19	20	51	98	124	131	139	131	131	133	133	129	123	116	111	102	107
244	244	244	244	244	246	246	246	246	246	246	246	246	246	245	248	248	246	247	254	179	44	47	41	54	54	78	151	176	177	177	178	175	170	161	152	146	132	139	142	138	131	134	148	161	179	186	192	194	192	194	201	206	205	204	204	203	202	202	202	202	200	200	200	200	201	201	201	202	202	201	202	201	197	194	189	186	177	175	172	167	162	156	151	149	141	134	125	119	117	112	105	99	96	98	86	59	35	26	24	23	22	20	31	65	104	125	133	139	131	131	133	134	132	129	124	122	106	109
244	244	244	244	244	246	246	246	246	246	246	246	246	250	242	246	248	251	248	247	181	38	40	44	51	47	88	164	179	180	179	176	171	166	160	156	153	151	157	159	148	131	120	122	127	133	142	155	164	171	180	193	202	197	198	198	200	200	202	202	202	200	201	201	201	201	201	201	201	203	203	202	202	199	195	190	188	176	174	170	164	159	154	152	151	143	137	129	123	120	112	103	96	96	100	90	63	36	24	23	23	20	25	50	89	119	132	134	134	131	131	133	134	133	132	130	128	112	114
244	244	244	244	244	246	246	246	246	246	246	246	245	251	240	245	249	254	248	244	192	47	27	42	52	54	110	173	181	189	185	179	175	175	180	187	191	176	173	168	162	155	145	134	125	122	128	137	147	155	164	173	180	186	188	191	194	198	201	202	204	200	201	201	201	201	201	201	202	201	201	200	198	195	190	184	181	178	174	170	164	159	156	155	155	134	129	124	122	120	113	104	97	95	102	94	67	37	23	22	22	19	31	69	111	132	137	134	128	132	132	132	132	132	131	131	131	120	120
244	244	244	244	244	246	246	246	246	246	246	246	245	251	240	249	250	253	247	250	217	97	29	35	47	59	124	171	183	191	190	191	191	196	203	208	211	203	196	190	189	190	188	179	171	157	155	155	157	162	164	165	163	175	178	182	188	194	199	202	204	200	201	201	201	201	201	201	202	195	195	193	190	186	179	173	169	168	164	158	152	147	145	146	146	115	112	112	114	117	115	108	102	94	103	98	70	38	22	21	22	21	36	81	124	137	137	132	123	133	132	131	130	129	129	129	130	127	126
244	244	244	244	244	246	246	246	246	246	246	246	246	249	241	252	251	250	246	254	241	154	41	29	38	57	125	164	183	186	192	201	209	212	211	210	208	214	212	208	205	203	203	201	199	187	182	177	177	182	183	178	173	169	171	177	184	192	199	202	204	200	201	201	201	201	201	201	202	190	190	188	184	178	171	164	160	146	142	135	129	125	123	124	126	98	98	100	107	115	117	112	106	94	104	99	71	38	23	21	23	25	39	86	128	136	133	131	120	134	132	130	128	127	127	128	128	132	130
244	244	244	245	245	247	247	247	247	247	247	247	247	240	248	252	240	250	250	250	240	201	53	45	62	60	121	172	188	192	199	209	213	210	206	208	212	213	203	208	212	207	186	206	203	195	181	167	171	185	183	176	181	188	196	198	192	190	199	204	205	207	202	195	193	196	199	198	197	191	183	175	170	166	156	142	131	116	114	110	108	109	113	118	121	108	96	86	88	100	109	108	101	85	91	94	93	39	13	17	26	26	44	94	135	136	128	129	128	120	136	144	133	124	128	136	139	130	129
244	244	244	245	245	247	247	247	247	247	247	247	248	249	248	251	243	242	219	226	240	231	81	43	46	52	137	182	187	193	201	210	213	211	209	209	211	210	207	207	201	193	187	185	161	183	176	170	170	163	156	168	192	184	194	199	196	196	201	205	205	204	200	192	190	193	195	193	190	174	167	158	153	154	153	149	144	139	136	130	125	119	116	114	114	113	99	84	82	91	102	105	102	88	94	92	86	37	20	24	31	33	68	112	132	130	130	132	130	122	132	135	128	125	131	134	132	134	133
244	244	244	245	245	247	247	247	247	247	247	247	247	240	249	240	203	189	169	159	155	184	81	45	44	46	143	186	197	195	204	212	213	212	210	209	207	197	175	164	154	146	157	160	161	146	129	127	145	158	159	164	169	176	190	200	201	201	205	206	204	202	197	190	187	188	188	184	181	174	165	154	148	147	151	154	155	143	144	145	145	144	143	141	139	118	105	91	87	92	97	96	93	93	99	94	76	32	26	27	33	52	100	132	129	125	133	135	133	124	126	125	123	126	132	131	125	135	135
244	244	244	245	245	247	247	247	247	247	247	247	247	243	251	235	197	199	202	183	163	137	75	44	46	52	149	185	204	191	200	207	207	206	204	198	191	172	172	182	179	162	159	141	143	138	131	126	117	106	114	141	161	167	183	199	203	204	207	207	204	203	198	190	186	184	181	174	169	156	151	144	139	140	145	150	154	159	161	165	166	165	161	158	155	141	134	127	123	122	116	106	97	96	103	96	69	27	26	21	28	82	125	141	127	128	136	136	134	125	125	124	124	127	130	129	126	133	134
244	244	244	245	245	247	247	247	247	247	247	247	247	252	243	215	199	204	210	208	213	177	112	44	39	71	169	190	200	198	207	210	207	206	204	193	179	181	173	154	114	86	73	61	58	44	69	92	103	109	121	131	134	156	175	193	200	204	207	207	203	205	200	191	184	179	171	161	153	128	131	134	138	142	148	154	158	166	168	171	172	171	169	164	161	158	154	150	145	139	128	115	106	97	106	99	64	23	23	13	29	112	134	137	129	136	139	133	133	125	126	128	129	128	127	129	132	129	131
244	244	244	245	245	247	247	247	247	247	247	247	246	247	241	206	164	137	163	190	202	209	153	67	42	92	184	194	197	202	209	209	204	200	198	182	160	119	83	64	76	93	60	78	107	51	56	47	50	79	104	112	120	149	167	187	195	199	206	207	204	206	201	190	180	171	158	144	133	117	125	135	140	143	142	145	148	155	156	157	157	156	154	152	150	149	147	142	137	131	124	118	113	100	106	100	61	19	20	16	51	128	133	133	133	138	137	132	133	126	125	127	131	129	125	127	134	128	130
244	244	244	245	245	247	247	247	247	247	247	247	246	239	249	226	162	106	150	195	203	203	183	103	51	102	183	197	195	195	203	202	191	185	182	162	134	74	60	81	145	181	86	84	91	18	47	64	85	115	111	109	139	144	162	179	187	194	202	205	204	204	198	186	173	160	143	125	111	105	114	125	129	126	121	122	124	142	140	134	128	122	119	116	116	125	128	131	133	131	128	125	124	104	106	98	57	16	21	30	89	127	128	135	137	132	132	134	131	130	119	117	126	130	126	124	127	129	133
244	244	244	245	245	247	247	247	247	247	247	247	246	246	245	228	183	110	135	185	202	208	208	127	52	106	185	200	189	203	209	208	196	189	185	162	132	104	119	120	132	166	98	132	121	44	61	72	113	158	129	91	108	143	159	174	183	190	200	204	204	202	195	181	167	152	133	111	97	95	105	118	123	121	120	123	127	110	106	103	101	102	105	109	112	93	103	118	129	133	129	124	120	108	105	96	54	16	24	43	121	120	126	140	139	125	128	137	130	132	114	107	119	131	128	121	119	132	136
246	247	247	248	248	248	248	248	248	248	248	248	247	237	244	244	198	149	116	159	205	210	218	188	55	122	184	199	200	206	204	203	201	198	195	193	192	183	181	165	139	126	117	88	54	65	66	88	118	127	112	104	110	129	157	171	174	189	197	198	202	197	191	180	163	143	122	105	95	98	117	114	110	114	86	94	60	40	59	25	39	44	54	75	86	110	100	94	99	115	128	131	130	112	110	93	43	14	25	97	124	127	128	129	125	124	134	131	132	131	125	117	112	114	121	132	139	129	138
246	247	247	248	248	248	248	248	248	248	248	248	247	241	245	245	208	166	121	147	203	214	220	205	102	119	191	208	203	204	203	202	201	198	197	195	195	200	203	194	180	178	179	159	133	122	113	117	132	137	129	133	146	152	170	171	166	178	190	195	203	193	186	174	158	138	118	100	91	101	120	103	85	111	128	141	91	79	84	44	49	41	40	51	51	71	80	94	108	119	123	123	122	108	104	95	41	20	42	100	120	126	126	140	145	155	148	138	132	132	128	124	121	120	121	123	125	130	139
246	247	247	248	248	248	248	248	248	248	248	248	247	244	246	245	224	195	132	132	200	215	219	217	155	120	196	208	200	203	202	201	200	199	199	199	199	204	208	204	195	196	199	185	165	166	151	141	144	143	141	150	166	170	179	176	169	175	185	192	199	186	180	169	152	132	113	95	86	97	113	93	78	111	145	162	118	67	62	36	49	49	57	72	64	27	42	67	92	111	120	122	121	116	106	99	36	21	51	82	93	104	98	123	142	167	147	142	135	130	131	131	129	126	121	116	113	132	140
246	247	247	248	248	248	248	248	248	248	248	248	247	249	247	247	236	218	150	123	198	211	215	216	180	139	196	202	192	200	200	200	201	202	202	202	202	206	208	205	197	197	197	187	172	176	164	155	153	151	149	155	166	172	179	182	183	187	188	189	191	183	178	167	150	131	111	96	87	94	105	102	111	125	132	142	128	76	63	49	60	62	73	86	70	39	40	49	72	99	120	127	125	115	102	99	36	38	83	99	105	121	105	123	140	168	132	135	128	129	130	131	131	128	123	118	115	134	140
246	247	247	248	248	248	248	248	248	248	248	248	248	252	249	248	243	233	174	127	198	209	211	210	183	171	200	194	192	200	200	201	201	202	202	203	203	202	204	203	201	203	205	200	192	180	172	165	164	163	162	167	174	173	173	181	191	193	193	192	189	185	180	168	153	134	114	100	91	98	106	117	139	139	127	127	132	118	100	90	90	89	90	93	74	92	82	75	82	99	116	124	125	116	104	98	42	57	103	111	112	117	104	121	145	171	129	137	133	127	127	126	126	126	126	127	127	136	142
246	247	247	248	248	248	248	248	248	248	248	248	249	253	251	247	244	238	201	142	202	207	206	200	183	194	201	195	200	201	201	201	202	202	202	203	203	200	200	200	199	199	199	199	196	183	178	171	167	168	172	180	186	184	174	178	190	192	194	196	194	186	181	171	155	136	118	103	94	99	104	112	132	133	135	130	134	136	123	123	120	127	123	126	114	112	109	105	104	107	114	122	128	119	112	100	55	73	102	103	97	79	85	109	149	170	129	139	134	127	125	122	121	123	129	134	138	138	142
246	247	247	248	248	248	248	248	248	248	248	248	249	252	250	248	241	238	221	164	207	202	188	183	185	186	195	196	202	203	204	203	203	203	202	202	201	204	203	201	200	197	193	193	194	185	183	179	174	176	180	185	187	193	177	178	190	190	191	197	194	184	179	170	154	136	118	104	95	101	101	104	122	125	141	137	142	143	139	145	135	149	141	139	138	117	117	117	118	120	123	127	129	108	112	101	76	99	109	108	96	79	101	124	167	170	127	128	121	128	126	123	121	124	129	135	140	140	143
246	247	247	248	248	248	248	248	248	248	248	248	249	252	250	247	239	237	233	179	211	191	168	166	186	167	185	196	202	204	203	204	203	202	202	201	201	203	202	201	200	198	195	196	198	187	190	192	189	189	190	188	185	197	179	182	194	193	191	193	187	182	177	167	153	136	118	104	95	110	106	109	133	131	142	138	158	140	142	151	137	153	142	138	144	140	131	124	126	133	136	130	123	109	119	105	88	106	94	87	68	78	108	129	172	166	130	132	126	129	127	125	124	125	129	133	136	141	144
246	247	247	248	248	248	248	248	248	248	248	248	248	248	251	250	246	249	244	216	178	192	161	143	156	176	184	194	206	202	201	201	201	201	200	199	199	201	200	198	196	194	192	191	190	189	189	190	191	192	192	192	193	189	192	194	196	195	193	191	189	175	174	166	148	125	109	103	103	107	111	118	127	135	141	146	148	144	144	145	146	148	149	150	150	146	141	135	132	133	131	125	120	111	108	97	110	104	104	84	81	95	113	138	174	146	131	136	126	131	131	128	128	134	165	149	130	144	144
246	247	247	248	248	248	248	248	248	248	248	248	247	246	248	250	247	249	247	223	184	198	186	155	130	148	191	210	206	202	201	201	201	201	199	199	198	199	199	197	195	193	192	191	190	188	189	189	190	192	192	194	193	189	191	194	195	194	190	186	184	176	175	167	150	128	112	106	104	110	114	122	130	137	143	147	147	146	146	147	148	148	150	151	151	149	143	136	134	134	132	126	120	108	106	102	114	112	98	81	83	99	116	139	172	143	129	134	125	131	130	127	129	136	166	148	131	142	142
246	247	247	248	248	248	248	248	248	248	248	248	248	247	243	250	250	247	249	233	195	178	195	186	149	147	186	208	204	203	202	202	201	200	198	197	197	197	197	195	195	192	192	190	190	186	187	188	190	192	194	195	196	194	195	196	196	193	188	182	178	176	174	166	151	132	116	108	104	113	118	126	134	141	146	148	148	148	148	149	149	150	150	151	151	152	146	140	137	136	133	126	121	104	103	108	115	120	89	78	92	108	121	143	171	140	128	129	123	130	130	126	129	139	165	144	131	139	139
246	247	247	248	248	248	248	248	248	248	248	248	248	248	238	248	253	246	249	240	208	167	182	190	186	178	181	195	206	204	203	202	201	200	198	197	196	194	195	194	193	192	191	190	189	186	187	188	190	192	194	196	197	198	197	195	192	188	183	179	177	174	170	163	150	133	118	108	101	113	119	128	138	145	149	150	150	150	150	151	151	151	152	152	151	154	148	141	137	136	133	126	120	105	102	110	112	120	81	81	107	118	126	147	169	136	126	126	123	128	129	125	130	143	165	140	132	136	136
246	247	247	248	248	248	248	248	248	248	248	248	248	250	237	248	254	246	250	245	222	189	172	173	192	198	191	194	208	205	204	203	201	199	197	195	194	192	191	191	191	190	190	189	189	187	188	189	191	192	194	194	195	193	189	183	177	173	172	173	174	171	166	159	148	135	120	107	98	109	116	127	139	148	152	153	152	153	154	154	153	152	152	152	152	155	149	141	137	135	131	124	118	107	99	106	106	111	80	93	123	126	129	150	166	132	125	123	124	125	129	123	131	148	164	135	132	135	135
246	247	247	248	248	248	248	248	248	248	248	248	248	252	242	248	253	248	249	246	231	194	181	182	197	201	196	197	208	206	205	204	201	198	195	194	193	189	189	189	189	189	189	189	189	191	191	191	191	192	192	192	192	177	175	171	168	167	166	167	169	172	168	160	151	142	127	111	98	101	110	124	139	148	153	155	153	157	157	156	155	155	153	152	152	154	147	139	134	132	127	120	113	106	95	100	104	100	88	106	132	131	129	152	163	129	126	123	128	123	128	122	132	152	163	131	132	136	136
246	247	247	248	248	248	248	248	248	248	248	248	248	254	248	249	252	251	250	246	238	191	197	204	203	197	190	195	203	206	205	203	201	198	194	193	192	187	188	187	188	187	188	188	188	193	193	192	191	191	190	189	189	169	171	175	178	180	178	176	174	177	172	165	157	149	135	118	104	92	102	119	137	148	155	157	155	158	159	158	157	155	154	153	152	151	145	137	131	129	123	115	109	101	88	95	108	92	99	119	132	134	128	154	162	127	128	123	132	122	128	120	133	155	163	128	133	138	138
246	247	247	248	248	248	248	248	248	248	248	248	248	254	252	249	250	253	250	245	243	212	208	205	201	196	192	193	197	205	206	203	201	197	194	192	191	187	187	187	187	187	187	188	188	195	193	193	191	190	188	187	186	169	176	188	196	198	195	189	185	183	177	169	164	157	143	123	109	86	98	116	134	148	155	157	156	160	159	159	157	157	154	153	153	150	143	135	130	127	120	112	106	95	84	93	113	90	109	127	128	135	129	154	160	126	129	124	135	121	127	120	133	157	162	126	133	139	139
246	247	247	248	248	248	248	248	248	248	248	248	248	249	249	249	248	248	247	247	244	240	208	198	190	185	176	198	206	211	211	209	205	200	197	194	193	192	190	188	186	186	189	193	195	193	192	192	191	188	183	178	175	189	192	195	196	193	191	197	201	183	189	186	173	163	155	136	114	102	94	98	119	142	154	160	166	168	166	163	159	154	149	146	144	140	137	133	127	121	115	111	108	84	99	102	92	100	125	134	126	124	137	173	138	122	125	123	131	126	128	119	133	168	142	130	134	139	139
246	247	247	248	248	248	248	248	248	248	248	248	248	249	249	249	248	247	247	247	245	245	220	211	198	197	193	204	199	210	211	208	205	201	198	196	194	194	193	191	190	189	192	194	195	194	193	190	186	183	180	179	178	192	195	197	198	200	202	201	197	199	189	186	193	179	145	123	121	114	108	103	108	127	152	170	177	169	167	164	159	154	149	146	144	139	136	132	127	120	115	110	107	95	97	94	93	108	130	133	122	125	140	173	137	123	124	122	131	126	127	120	134	167	141	131	135	138	138
246	247	247	248	248	248	248	248	248	248	248	248	248	250	249	248	248	247	247	247	246	250	234	221	197	192	191	206	202	209	209	207	205	202	200	198	197	197	196	194	194	194	195	196	197	194	191	186	181	179	178	179	179	199	200	198	194	200	209	208	200	185	184	186	184	167	140	123	120	118	118	112	110	128	157	175	176	170	168	164	159	154	148	145	143	136	134	130	124	119	114	110	107	107	96	87	96	119	133	130	119	128	143	169	135	124	123	121	129	126	126	122	136	165	139	132	135	138	138
246	247	247	248	248	248	248	248	248	248	248	248	248	249	249	249	248	247	247	247	247	249	242	238	213	199	184	199	207	207	207	206	205	203	201	200	200	200	200	199	199	197	197	197	198	189	188	186	183	182	179	178	177	195	192	172	149	154	183	199	199	181	189	193	178	148	123	119	126	131	121	111	113	136	164	177	176	171	170	165	159	154	148	145	142	132	131	127	123	117	112	108	106	113	96	89	105	124	130	125	122	129	148	165	131	125	122	121	128	125	124	124	138	162	137	134	135	138	138
246	247	247	248	248	248	248	248	248	248	248	248	248	249	249	248	247	246	246	247	248	248	246	250	241	230	196	191	200	205	205	205	204	204	203	203	202	202	202	202	201	200	199	197	196	181	184	189	190	189	184	177	174	189	174	132	86	86	131	180	200	195	186	184	175	130	82	88	126	149	122	101	111	140	166	180	184	173	170	166	160	154	148	144	141	128	127	124	120	115	111	108	105	112	101	100	115	125	123	122	128	133	154	161	128	126	121	121	126	124	123	126	141	159	135	135	136	137	137
246	247	247	248	248	248	248	248	248	248	248	248	248	249	249	248	247	246	246	247	248	253	245	246	244	242	207	189	189	203	203	204	204	205	205	206	206	202	203	204	203	201	199	196	194	179	183	191	194	194	188	179	173	164	181	188	182	178	183	186	181	180	175	168	146	105	75	86	116	139	115	104	123	152	170	176	179	175	172	168	161	154	147	143	140	125	123	121	117	113	108	106	103	109	107	113	123	123	117	121	131	135	159	157	125	128	119	120	126	124	121	129	144	157	132	137	137	137	137
246	247	247	248	248	248	248	248	248	248	248	248	249	249	249	247	247	246	246	247	248	253	247	241	233	239	212	191	187	202	202	203	204	205	207	207	207	200	201	203	204	201	198	194	191	184	187	192	195	194	189	184	180	174	179	182	181	182	185	185	184	162	167	156	124	103	103	110	112	111	111	118	138	159	172	174	171	176	173	169	161	154	147	143	140	122	121	118	114	111	108	106	104	109	113	120	125	124	119	122	129	137	162	154	122	129	118	120	124	124	120	130	146	155	131	138	137	136	136
246	247	247	248	248	248	248	248	248	248	248	248	249	249	249	247	247	247	247	247	248	244	252	253	241	243	220	197	188	201	201	203	205	205	207	208	209	199	200	203	203	201	196	191	188	189	191	193	194	194	192	189	187	175	173	175	182	188	187	181	176	167	150	133	122	111	102	99	103	99	114	128	136	149	167	177	177	176	173	168	162	154	147	141	139	121	119	117	113	110	107	105	102	111	116	121	125	125	124	124	125	138	163	152	120	130	117	119	124	123	120	131	147	154	130	139	137	136	136
246	247	247	248	248	247	247	247	247	247	247	247	247	248	248	248	248	248	247	247	247	248	244	249	245	243	210	195	200	198	199	204	208	211	211	211	212	210	199	206	196	204	193	181	176	192	197	197	192	190	192	190	184	186	187	188	188	185	179	173	170	166	155	138	120	110	107	109	112	120	122	127	136	145	155	163	168	170	170	169	164	157	147	137	132	119	114	113	103	110	105	93	110	110	122	130	124	129	113	131	124	133	170	138	124	120	122	123	125	125	129	130	159	138	122	132	139	134	134
246	247	247	248	248	247	247	247	247	247	247	247	247	248	249	249	249	249	248	248	247	246	243	249	244	242	207	195	199	198	199	203	207	210	211	212	211	210	203	207	197	199	188	178	174	192	193	194	195	193	189	186	187	182	183	185	185	183	179	175	172	170	161	147	132	122	117	117	117	116	119	123	131	140	150	159	163	169	169	167	164	156	147	137	131	117	115	112	105	105	104	107	119	125	124	127	120	129	121	130	124	134	168	136	124	120	122	123	125	125	128	130	158	137	123	132	139	134	134
246	247	247	248	248	247	247	247	247	247	247	247	247	248	248	249	249	249	249	248	247	246	245	250	245	240	203	191	197	197	198	203	207	210	210	210	211	211	204	208	195	191	184	179	177	191	184	186	193	191	181	177	182	169	171	172	171	170	168	165	163	163	158	147	136	127	120	115	113	112	113	116	122	132	142	150	156	166	167	167	164	157	147	137	131	115	117	109	106	98	106	126	131	131	117	119	113	127	130	129	128	136	164	133	125	120	121	123	123	124	127	132	156	135	125	131	138	134	134
246	247	247	248	248	247	247	247	247	247	247	247	247	248	248	249	249	249	249	248	247	246	245	251	244	238	198	185	193	196	197	202	207	209	210	210	210	209	203	205	189	175	180	182	184	190	187	189	192	188	178	173	172	161	160	159	156	153	150	147	146	147	144	139	132	122	114	107	103	108	108	109	113	122	133	142	148	163	165	167	165	159	148	138	130	114	118	106	107	94	115	141	135	138	122	124	122	130	133	124	128	139	160	129	126	120	120	123	121	123	127	135	153	132	128	130	137	133	133
246	247	247	248	248	247	247	247	247	247	247	247	247	247	248	248	248	248	248	248	247	245	246	251	243	235	191	180	189	195	197	202	206	209	209	209	209	207	200	199	182	161	176	183	183	182	188	191	186	183	179	171	162	170	167	163	158	153	148	145	144	144	142	139	134	127	118	110	105	105	104	103	107	114	125	136	142	159	162	167	166	160	149	138	129	114	117	103	104	98	133	143	126	135	126	128	134	133	128	118	124	143	155	125	127	120	120	123	118	122	126	138	151	129	131	129	136	133	133
246	247	247	248	248	247	247	247	247	247	247	247	247	247	247	248	248	248	248	248	247	244	247	252	243	231	186	175	186	194	196	201	205	208	208	208	207	205	198	197	180	154	172	173	162	171	182	189	185	186	187	180	168	178	174	169	163	158	153	152	152	149	149	145	140	133	126	121	116	105	102	101	101	108	120	132	138	157	161	166	167	162	150	137	128	116	113	100	101	108	158	133	104	99	100	96	124	125	120	122	127	146	151	122	128	120	119	123	116	121	125	140	148	127	133	128	135	132	132
246	247	247	248	248	247	247	247	247	247	247	247	247	247	247	248	248	248	248	248	247	243	247	253	242	228	181	171	183	194	197	200	204	206	208	208	206	204	198	198	187	154	169	153	128	130	140	152	161	167	167	164	160	160	156	152	147	144	144	145	147	142	141	135	130	124	119	117	114	106	102	99	99	105	117	129	138	154	159	166	168	163	151	138	127	119	109	97	94	120	181	116	80	78	82	61	108	119	116	131	129	148	147	119	129	120	118	123	114	120	124	143	146	125	135	127	134	132	132
246	247	247	248	248	247	247	247	247	247	247	247	247	247	247	248	248	248	248	248	247	241	247	253	242	226	180	169	182	193	195	200	204	206	207	206	205	204	199	200	193	157	166	138	101	60	65	80	103	114	112	111	116	131	128	125	122	123	125	129	132	126	123	117	110	106	103	101	101	106	102	98	98	104	116	129	137	153	158	165	169	164	152	137	128	121	107	96	91	128	194	105	62	100	99	57	110	122	115	134	122	149	145	117	129	120	118	123	114	120	123	144	145	124	137	127	134	132	132
245	245	246	247	247	247	247	247	247	247	247	247	247	246	246	247	247	248	248	248	247	246	242	252	239	222	171	166	175	179	184	195	203	206	206	205	202	202	200	197	190	180	169	158	152	117	93	64	49	85	173	163	209	216	199	210	217	212	177	132	134	137	125	113	107	104	99	85	69	85	79	75	75	86	106	127	140	154	158	162	162	157	145	132	123	117	114	98	88	176	166	123	102	60	31	52	107	118	106	119	145	171	134	120	115	117	127	122	116	122	120	157	130	121	132	130	125	131	131
245	245	246	247	247	247	247	247	247	247	247	247	247	246	246	247	247	248	248	248	247	246	243	252	239	218	171	166	173	177	182	192	201	204	205	203	202	200	199	197	191	182	173	164	159	152	132	98	77	88	152	158	216	223	204	221	229	231	221	189	203	212	192	167	155	145	121	98	91	44	44	46	55	72	95	118	130	157	161	163	162	155	142	129	121	117	103	99	113	189	162	122	114	115	92	100	126	124	114	122	135	151	122	119	118	113	115	114	119	122	122	155	129	121	131	130	125	131	131
245	245	246	247	247	247	247	247	247	247	247	247	247	246	246	246	247	247	247	248	248	248	243	251	238	212	171	165	171	174	178	187	196	201	202	202	201	199	197	195	192	186	179	173	170	187	154	125	132	95	62	66	158	208	190	223	227	226	220	189	214	191	182	169	171	166	124	84	81	41	45	54	69	89	111	130	141	161	163	163	160	150	138	124	116	110	91	106	148	202	153	121	127	128	117	117	121	115	114	122	125	151	118	110	101	80	71	78	99	121	125	153	127	121	129	130	127	130	130
245	245	246	247	247	247	247	247	247	247	247	247	246	245	246	246	247	247	247	248	248	248	244	249	237	203	170	165	166	168	173	181	190	196	198	200	199	197	196	194	191	189	185	182	183	189	176	129	124	118	109	75	61	84	96	176	206	215	216	184	214	204	187	146	120	113	80	56	69	63	69	81	96	112	126	139	144	163	162	161	155	145	131	118	110	97	86	116	173	205	145	123	131	119	117	118	118	115	119	127	133	154	115	105	95	69	51	55	79	120	129	149	124	121	127	130	128	129	129
245	245	246	247	247	247	247	247	247	247	247	247	246	245	245	246	247	247	247	248	248	249	244	247	236	194	169	164	162	165	168	175	183	190	195	197	198	195	193	191	189	188	188	189	189	173	192	169	146	128	126	117	98	91	66	81	67	61	73	67	104	106	100	65	45	58	64	69	93	80	86	98	111	122	131	137	140	160	158	155	147	137	123	111	104	88	95	129	183	197	141	125	126	117	117	120	125	123	117	122	137	141	108	109	117	104	87	79	91	120	133	146	121	122	124	131	129	128	128
245	245	246	247	247	247	247	247	247	247	247	247	246	245	245	246	246	247	247	248	248	249	245	246	235	186	170	165	159	160	163	169	176	184	190	195	196	194	192	189	186	187	188	190	192	195	182	162	166	156	129	120	122	126	101	97	89	91	90	73	80	77	87	81	76	86	83	74	78	87	94	105	116	127	135	139	141	153	152	147	139	128	115	105	99	87	114	141	183	187	141	127	122	109	111	114	123	124	113	118	142	142	110	112	123	122	117	110	114	119	137	143	118	122	122	131	131	127	127
245	245	246	247	247	247	247	247	247	247	247	247	246	245	245	246	246	247	247	248	248	250	245	245	234	179	169	165	156	156	158	164	172	179	187	193	195	194	190	187	184	184	186	190	190	166	183	191	177	148	136	138	143	140	128	117	122	127	124	121	118	105	102	99	97	96	87	84	90	95	99	107	115	124	131	134	136	146	143	138	130	120	109	100	95	98	136	150	183	182	140	128	124	109	115	115	119	123	117	127	156	146	115	111	113	112	118	117	121	118	140	140	116	122	120	131	132	126	127
245	245	246	247	247	247	247	247	247	247	247	247	246	245	245	245	246	247	247	247	247	250	247	244	234	176	168	165	154	153	156	161	169	177	185	191	195	193	190	185	182	182	184	187	190	194	172	178	179	169	145	130	145	163	169	158	161	149	129	133	127	129	112	105	108	100	86	90	102	111	113	117	123	128	132	135	136	140	137	132	125	115	105	97	93	110	150	154	184	182	140	126	126	115	125	119	112	114	112	124	153	133	112	114	113	111	118	117	117	118	141	139	115	122	118	131	133	126	126
244	244	244	245	245	245	245	246	246	246	247	247	246	245	244	244	244	245	246	245	245	247	243	246	225	162	161	161	162	152	155	159	162	170	178	182	183	181	181	181	181	183	184	185	186	183	184	186	184	178	167	156	150	153	153	154	152	148	141	134	130	128	122	112	104	99	99	101	103	109	114	122	129	132	130	126	123	124	131	120	106	103	97	98	114	134	132	158	208	167	131	131	120	109	122	115	120	123	113	127	153	116	116	116	116	116	116	116	115	123	154	127	114	117	128	122	126	125	125
244	244	244	245	245	245	245	246	246	246	247	247	247	245	244	244	244	245	245	245	245	247	243	245	222	161	161	160	160	153	152	156	163	170	172	176	179	184	183	182	182	182	183	184	185	183	184	186	184	179	169	160	154	145	146	145	143	140	133	127	123	130	125	117	108	104	103	105	106	110	115	122	128	130	128	124	121	123	122	114	110	107	94	100	128	134	133	160	206	164	130	129	119	110	121	115	119	122	113	129	151	116	116	116	116	116	116	116	115	124	152	125	114	117	128	123	126	125	125
244	244	244	245	245	245	245	246	246	246	247	247	247	245	244	245	244	245	245	245	245	246	243	244	213	161	159	159	159	155	149	153	165	168	164	165	173	185	184	183	182	182	182	184	185	183	184	185	184	181	174	167	162	153	153	152	149	145	139	135	131	135	131	123	116	112	111	113	113	113	116	121	125	126	124	120	118	114	116	110	105	106	105	116	137	133	135	165	202	158	129	126	117	110	120	114	118	120	115	131	147	115	115	115	115	115	115	115	114	127	149	123	115	118	127	123	124	124	124
244	244	244	245	245	245	245	246	246	246	247	247	247	245	245	245	245	245	246	245	245	245	243	242	205	160	159	158	156	156	146	150	166	168	158	156	167	183	182	181	181	181	182	183	184	182	184	185	184	182	177	173	169	165	164	162	159	154	149	145	143	140	136	131	125	122	120	121	121	116	118	121	123	122	119	115	113	103	114	108	94	103	127	137	131	133	139	171	197	150	129	125	114	110	118	113	116	117	117	133	142	114	114	114	114	114	114	114	113	131	145	119	117	118	127	123	123	123	123
244	244	244	245	245	245	245	246	246	246	247	247	247	246	246	246	246	246	246	245	245	244	243	239	193	159	157	157	153	156	145	150	166	168	155	153	162	176	176	176	177	179	181	182	184	183	183	184	183	180	177	174	172	164	162	158	153	149	146	143	142	143	140	136	131	129	128	128	127	120	121	120	119	117	113	110	107	103	105	100	96	112	141	145	128	134	142	178	192	141	128	122	112	110	116	112	115	114	119	136	137	113	113	113	113	113	113	113	112	135	140	116	118	118	127	124	121	122	122
244	244	244	245	245	245	245	246	246	246	247	247	247	247	246	247	246	246	246	246	246	243	244	237	184	159	156	157	149	151	146	153	166	169	158	155	160	165	167	168	171	175	179	182	184	184	183	181	180	177	175	173	171	162	159	154	148	143	141	139	139	143	142	140	137	135	133	132	131	124	123	120	116	112	108	104	102	108	93	95	113	128	138	140	132	133	145	183	187	133	127	119	109	111	114	111	113	112	121	139	132	112	112	112	112	112	112	112	111	138	136	113	120	119	127	124	119	122	122
244	244	244	245	245	245	245	246	246	246	247	247	247	247	247	247	246	247	247	246	246	243	244	235	176	158	155	156	147	146	149	156	166	168	163	161	159	155	157	161	166	171	177	182	184	185	183	180	177	173	170	169	168	164	160	155	149	144	141	142	142	142	142	142	140	138	135	133	132	127	124	120	114	109	104	100	99	103	90	103	129	133	131	134	133	133	148	189	184	127	126	117	107	111	113	110	112	110	122	141	128	112	112	112	112	112	112	112	111	141	133	110	121	119	126	125	118	121	121
244	244	244	245	245	245	245	246	246	246	247	247	247	247	247	248	246	247	247	246	246	242	244	235	172	158	155	156	146	143	149	159	165	168	169	165	160	149	151	156	162	169	176	181	184	185	183	179	175	170	167	166	165	165	161	155	147	142	141	142	143	142	142	142	141	139	136	134	133	128	125	119	113	107	102	98	97	92	96	120	134	128	129	135	129	133	148	190	182	124	126	116	105	112	112	109	111	108	123	142	126	111	111	111	111	111	111	111	110	142	132	109	121	119	126	125	117	120	120
244	244	244	245	245	245	245	245	245	245	245	245	245	247	247	247	246	246	246	244	244	250	245	224	162	157	159	163	149	147	150	156	161	166	167	167	167	145	142	142	147	158	171	183	188	187	185	182	179	175	173	172	172	161	159	156	153	152	153	155	157	156	152	149	148	148	143	135	127	121	116	110	106	103	98	89	83	83	92	125	132	130	132	125	134	134	147	206	163	123	121	112	113	110	118	111	106	116	115	146	116	111	106	108	109	117	114	102	114	145	121	120	119	114	118	118	121	119	119
244	244	244	245	245	245	245	245	245	245	245	245	246	247	247	246	246	246	245	244	244	247	249	224	160	150	153	156	144	146	149	155	161	165	169	168	168	159	147	137	139	152	168	179	182	185	183	181	178	175	173	172	171	162	160	157	155	154	155	157	157	156	153	149	148	148	142	134	127	124	116	109	102	99	95	89	83	82	99	127	128	130	133	124	133	133	150	204	159	123	121	112	112	108	117	110	106	115	117	144	115	110	106	108	109	116	113	103	116	143	120	120	119	114	118	118	120	118	118
244	244	244	245	245	245	245	245	245	245	245	245	246	246	245	246	245	244	244	244	244	239	244	210	151	146	151	150	135	144	147	154	162	166	169	170	170	168	156	143	136	141	153	169	177	181	181	180	178	177	174	173	172	163	161	159	157	155	156	157	159	159	154	150	149	148	143	134	127	126	116	105	96	93	92	88	84	81	109	129	122	130	134	123	131	134	156	200	152	122	120	111	111	108	115	109	107	115	121	141	113	109	106	109	108	114	112	104	119	140	117	119	119	114	118	117	119	118	118
244	244	244	245	245	244	244	244	244	244	244	244	245	245	245	245	244	244	244	243	243	231	236	191	144	150	157	149	126	144	147	154	161	167	170	170	171	165	164	157	144	134	138	155	172	178	178	179	181	180	178	176	174	164	162	160	157	157	157	158	160	162	157	153	151	150	145	136	128	124	114	100	90	88	88	86	84	82	120	129	118	130	134	123	130	134	164	195	143	121	117	108	109	108	112	107	108	114	126	137	110	107	106	109	107	112	110	105	124	136	114	117	119	115	119	116	118	117	117
244	244	244	245	245	244	244	244	244	244	244	244	245	245	245	244	244	243	242	242	242	236	241	186	150	154	157	146	132	146	150	156	162	167	170	170	170	162	166	164	153	141	138	147	158	173	174	178	181	181	179	177	175	163	161	158	155	156	156	157	159	164	159	154	152	150	145	134	127	118	108	94	86	86	86	86	84	86	126	129	118	129	130	124	128	135	172	190	133	118	116	107	108	108	109	105	108	113	131	133	107	106	106	110	106	110	108	107	129	131	111	116	118	115	119	115	116	116	116
244	244	244	245	245	243	243	243	243	243	243	243	243	244	244	244	243	242	242	241	241	243	243	174	145	148	145	140	143	150	152	158	163	166	168	167	167	166	164	160	157	155	152	146	142	162	164	171	175	176	175	172	169	160	158	156	153	153	154	155	156	161	155	150	147	145	138	128	121	107	99	90	85	86	87	86	83	94	126	128	123	127	124	126	128	135	179	185	123	117	115	105	107	106	107	103	109	112	136	129	104	105	106	110	105	107	107	108	133	127	107	114	118	116	119	115	115	115	115
244	244	244	245	245	243	243	243	243	243	243	243	243	244	243	242	242	242	241	241	241	241	217	122	111	132	137	138	148	155	156	161	164	166	166	164	163	168	163	159	160	163	161	151	140	148	152	159	165	168	167	163	160	157	155	153	150	149	150	151	153	153	147	141	138	136	128	118	111	96	91	86	85	89	89	87	82	102	124	126	130	127	118	128	127	136	186	181	116	116	114	103	105	106	105	102	110	111	140	126	102	103	105	110	105	105	105	109	137	123	105	113	118	116	119	114	113	114	114
244	243	243	244	245	243	244	244	244	244	244	243	243	244	244	243	242	240	238	237	237	230	180	65	67	114	135	136	146	157	160	162	165	166	165	162	160	165	164	164	165	163	159	153	148	137	142	150	158	160	159	154	151	155	153	150	147	146	146	149	151	146	141	135	132	129	122	111	103	89	86	84	87	91	91	86	81	108	121	123	134	126	114	128	127	136	189	179	114	116	113	104	106	106	103	101	110	111	142	124	100	103	105	110	104	104	105	110	139	122	104	112	118	117	119	114	113	114	114
241	240	240	240	241	243	243	245	247	245	240	238	241	243	237	241	241	234	222	181	129	86	102	84	118	126	143	134	144	156	160	164	167	169	169	168	167	166	165	165	164	163	162	162	161	150	145	138	134	135	141	149	155	148	148	147	147	147	146	146	146	146	140	132	125	119	108	95	85	99	88	92	98	92	91	88	70	118	121	126	125	123	123	126	131	144	196	156	124	111	110	106	110	102	104	109	106	112	140	103	106	102	102	109	101	105	107	109	148	108	109	112	114	115	113	111	110	113	113
241	240	240	240	241	232	244	251	248	243	244	244	244	243	242	240	226	200	178	153	125	93	104	103	129	141	145	146	148	156	159	163	167	169	169	168	167	166	165	165	164	163	162	162	161	161	156	147	139	135	134	135	136	141	140	138	137	136	135	134	133	134	126	115	106	103	99	93	88	92	89	94	96	93	89	83	73	124	124	123	121	120	121	123	125	147	193	154	123	112	110	107	110	102	104	108	106	114	137	103	106	102	102	108	101	104	108	111	145	107	109	112	114	115	113	111	110	113	113
241	240	241	242	243	239	239	240	245	246	241	229	219	215	218	220	205	175	159	156	149	94	99	114	139	150	141	150	144	157	159	163	167	169	169	168	167	166	165	165	164	163	162	162	161	165	161	154	147	140	133	128	126	125	123	120	117	115	113	110	109	114	106	97	93	93	93	90	87	88	94	96	94	93	86	80	81	126	123	118	118	119	123	125	127	151	188	147	122	112	108	105	108	103	103	107	106	117	133	104	106	102	102	106	101	103	108	115	141	107	109	112	114	114	113	111	109	112	112
242	242	243	244	245	253	246	239	237	228	202	170	153	141	146	159	162	149	146	146	142	103	105	122	157	156	149	155	148	157	159	163	167	169	169	168	167	166	165	165	164	163	162	162	161	158	158	157	155	151	144	138	134	119	117	113	109	105	101	98	96	95	93	92	96	99	99	94	88	94	103	99	90	90	84	81	93	125	121	117	116	121	127	131	133	158	182	138	120	111	106	104	106	103	102	105	106	120	128	105	106	102	103	103	100	102	109	120	136	107	109	111	113	114	112	110	109	112	112
241	242	243	244	244	242	244	237	216	183	159	145	137	138	137	152	163	159	157	158	152	111	110	114	161	150	153	151	150	157	159	163	167	169	169	168	167	166	165	165	164	163	162	162	161	156	158	159	160	159	153	147	143	128	126	122	117	113	108	105	103	95	94	96	102	108	109	106	101	106	112	102	88	87	83	84	100	128	126	123	121	122	124	128	131	165	174	128	118	110	103	102	104	104	101	102	105	124	123	107	105	102	103	101	100	100	109	125	131	106	108	111	113	113	112	110	108	111	111
241	242	242	243	243	238	244	226	179	152	162	164	148	141	137	148	154	145	140	147	152	122	115	100	149	142	150	144	151	157	159	163	167	169	169	168	167	166	165	165	164	163	162	162	161	161	162	162	161	158	152	146	142	133	131	127	122	118	114	111	109	109	104	101	103	110	116	119	118	115	112	100	88	84	81	83	91	123	128	130	127	121	117	119	122	172	167	119	117	111	102	101	102	104	100	100	105	127	117	108	105	103	104	98	99	98	110	130	126	106	108	110	112	113	111	109	108	111	111
239	240	240	238	236	238	230	202	155	140	155	156	136	139	134	144	147	139	135	144	153	145	126	99	135	150	153	151	163	157	159	163	167	169	169	168	167	166	165	165	164	163	162	162	161	161	160	158	155	152	147	143	140	131	130	126	122	119	116	113	111	115	111	106	108	114	119	120	120	115	106	98	91	82	79	76	70	100	114	127	127	117	111	115	123	175	162	112	115	110	101	100	101	105	99	99	105	130	113	108	105	103	104	96	99	97	110	134	122	105	107	110	112	112	111	109	107	111	111
235	234	232	229	226	199	183	159	140	133	134	141	147	139	131	138	146	141	137	141	145	153	125	95	117	152	146	151	164	157	159	163	167	169	169	168	167	166	165	165	164	163	162	162	161	155	154	151	148	147	145	143	142	135	133	130	127	124	121	119	117	110	109	110	115	120	121	117	110	112	98	95	94	82	77	70	52	72	94	117	122	115	111	120	130	177	158	108	115	109	100	100	100	105	99	98	105	132	111	109	105	103	104	95	99	96	110	136	119	105	107	110	112	112	111	109	107	110	111
227	219	207	180	155	151	146	148	155	142	125	133	153	146	136	132	140	144	142	141	144	150	136	129	77	132	153	151	159	163	162	164	165	167	168	169	170	171	170	169	167	165	163	162	161	159	158	154	151	148	145	142	141	134	133	130	127	124	121	119	118	121	122	125	126	127	125	123	120	110	106	100	92	82	71	64	60	53	83	103	93	98	108	111	131	178	143	111	105	109	107	102	99	98	100	103	105	104	101	97	94	99	96	102	97	100	107	140	106	108	108	108	108	108	108	108	108	107	110
155	145	139	138	137	143	143	153	155	137	118	126	148	149	140	131	136	142	144	145	143	142	145	140	80	113	152	154	153	161	162	163	165	166	168	169	170	171	170	169	167	165	163	161	160	158	157	154	151	148	145	143	141	136	135	132	129	127	125	123	121	124	125	127	128	129	126	123	121	110	105	99	91	81	71	65	60	48	76	97	91	94	102	102	119	166	139	114	108	109	105	100	98	98	100	103	104	103	100	97	94	99	96	101	97	100	109	137	106	108	108	108	108	108	108	108	108	107	109
132	125	121	129	138	134	140	152	153	135	114	120	140	150	143	132	130	138	145	147	143	137	153	152	93	92	143	155	149	161	161	163	164	166	167	168	169	170	169	168	166	164	162	160	160	157	156	153	150	148	145	143	142	140	139	136	134	132	130	128	127	129	131	132	132	132	128	125	123	108	104	97	88	79	70	64	61	42	66	92	91	93	96	92	105	125	111	101	100	103	101	101	102	99	100	102	103	102	100	97	95	98	96	100	97	101	114	133	105	108	108	108	108	108	108	108	108	107	108
134	140	131	121	118	129	134	144	148	137	120	121	132	142	145	137	126	128	140	146	146	139	153	153	116	86	127	144	152	159	160	162	163	165	166	167	168	169	168	167	165	163	161	160	159	155	154	152	149	148	146	144	143	143	142	140	138	137	135	134	133	135	136	136	135	134	129	125	122	107	102	94	85	77	69	65	61	42	60	90	96	96	96	88	95	97	95	96	97	98	97	97	100	99	101	101	101	100	98	97	96	97	95	98	96	102	120	128	103	107	107	107	107	107	107	107	107	107	107
