3	3	3	3	3	3	3	3	3	3	3	3	3	3	3	3	3	3	3	3	3	3	3	5	2	1	5	8	1	9	52	163	198	220	242	245	241	247	237	237	237	238	240	242	239	230	222	189	175	163	157	166	160	161	191	187	154	193	226	236	222	206	197	175	171	163	156	154	150	142	133	143	135	146	142	158	176	195	177	198	188	176	172	176	178	177	173	158	180	183	159	132	144	162	141	154	155	160	170	182	191	195	196	191	192	186	197	198	218	223	232	231	235	209	210	213	224	219	240	195	171	157	181	124	71	118	73	26	5	1	6	7	3	7	25	28	15	3	6	5	4	3	9	6	6	6
3	3	3	3	3	3	3	3	3	3	3	3	3	3	3	3	3	3	3	3	3	3	3	5	4	1	7	4	1	20	88	203	216	226	232	244	228	244	231	237	236	237	241	243	240	231	224	183	158	144	156	161	163	153	207	177	122	184	232	245	196	192	190	174	164	147	134	135	144	149	148	155	152	163	144	138	145	166	150	171	177	185	190	190	191	194	198	185	163	161	197	184	148	147	135	153	147	146	155	170	184	190	190	194	198	191	194	184	198	207	222	216	243	221	214	216	228	211	226	218	219	199	162	166	100	70	117	43	11	2	1	11	1	1	9	28	9	5	1	7	1	3	4	3	3	3
3	3	3	3	3	3	3	3	3	3	3	3	3	3	3	8	3	1	1	6	7	1	1	1	10	1	4	2	1	113	153	218	223	232	240	243	242	238	235	231	241	238	243	241	245	233	171	166	177	139	141	142	152	161	178	100	149	204	231	238	230	212	190	161	131	127	113	120	119	133	115	138	148	149	167	167	151	161	161	157	170	184	201	189	181	200	189	195	186	184	190	187	169	151	143	110	143	160	144	132	151	177	190	185	182	201	213	196	188	200	207	208	223	241	230	207	219	237	228	236	236	217	186	168	164	112	103	102	10	1	10	1	7	1	3	3	3	3	3	3	3	3	3	3	3	3
3	3	3	3	3	3	3	3	3	3	3	3	3	3	3	9	3	1	1	5	8	7	3	13	1	7	9	6	66	97	144	228	232	236	240	241	240	236	234	240	246	241	243	236	232	212	152	166	126	136	145	132	127	152	94	103	150	202	224	223	209	188	171	138	127	129	114	116	110	125	122	109	134	137	142	154	173	198	191	160	169	147	199	180	204	197	199	202	213	205	180	172	183	183	169	149	140	138	143	142	138	149	167	181	191	206	209	200	197	198	194	196	210	239	242	215	207	223	230	212	226	226	221	203	189	136	111	111	37	1	19	7	1	15	1	3	3	3	3	3	3	3	3	3	3	3
3	3	3	3	3	3	3	3	3	3	3	3	3	3	3	8	3	1	1	3	8	9	9	4	2	1	23	54	111	80	184	240	239	241	240	239	238	236	235	238	247	243	236	218	201	183	144	145	148	154	145	133	101	112	91	103	142	181	189	175	160	153	149	177	170	162	151	166	164	167	168	188	188	176	172	162	151	160	162	169	185	196	194	197	164	185	193	205	197	203	214	204	180	178	195	173	140	124	139	152	148	149	160	165	187	197	197	204	210	203	195	193	192	207	223	228	229	226	214	213	226	226	238	218	208	181	153	97	79	19	3	7	1	10	1	3	3	3	3	3	3	3	3	3	3	3
3	3	3	3	3	3	3	3	3	3	3	3	3	3	3	4	2	1	1	2	3	3	2	1	1	26	40	117	74	146	230	244	242	242	240	239	239	240	242	231	236	231	213	185	163	154	143	141	135	121	141	117	112	101	71	93	114	141	164	180	191	196	196	183	177	156	145	162	166	167	176	163	157	158	167	163	150	156	168	156	184	163	185	182	192	184	189	176	196	211	212	208	202	189	176	198	180	159	147	149	153	150	144	148	168	173	179	203	214	212	215	195	189	183	191	221	250	240	207	229	233	222	239	217	215	219	199	115	68	48	10	1	11	1	1	3	3	3	3	3	3	3	3	3	3	3
3	3	3	3	3	3	3	3	3	3	3	3	3	3	3	1	2	5	5	2	1	1	1	5	10	55	106	75	102	228	237	241	240	239	239	240	242	245	246	235	216	192	167	148	133	122	126	119	153	121	137	156	140	104	108	104	109	131	170	202	203	176	149	126	145	145	142	139	127	115	125	116	130	143	142	152	177	192	195	173	208	181	187	180	198	191	186	189	195	198	198	203	208	201	189	198	204	192	163	147	153	157	152	151	155	154	167	194	202	209	229	200	206	197	185	197	222	232	227	231	235	227	248	226	221	228	215	179	54	33	33	1	1	3	1	3	3	3	3	3	3	3	3	3	3	3
3	3	3	3	3	3	3	3	3	3	3	3	3	3	3	1	3	6	5	1	1	1	1	33	63	82	109	63	191	248	227	237	237	238	240	242	242	243	242	229	182	138	116	120	112	94	102	110	87	121	136	108	103	148	106	116	100	89	95	112	132	154	171	171	167	142	125	109	114	119	136	139	131	128	110	106	118	127	140	154	194	212	198	202	182	198	183	214	192	187	205	214	205	204	215	190	200	201	183	161	154	164	176	170	163	160	169	180	183	197	220	216	223	215	200	193	194	211	237	234	236	232	248	230	225	224	226	211	139	31	13	25	5	8	11	3	3	3	3	3	3	3	3	3	3	3
3	3	3	3	3	3	3	3	3	3	3	3	3	3	3	4	5	5	1	1	3	15	25	76	86	98	54	162	227	247	226	236	237	241	242	242	238	235	231	186	137	98	82	96	95	80	104	123	102	100	108	126	126	149	119	113	111	111	108	94	85	99	121	145	144	136	139	111	102	79	66	54	29	29	24	22	26	36	68	113	137	132	195	186	214	202	196	197	211	210	197	201	219	221	206	212	211	211	203	184	166	166	176	184	181	183	180	172	175	191	201	215	227	223	213	211	203	205	225	238	238	235	242	230	229	219	242	217	221	102	19	31	26	16	15	3	3	3	3	3	3	3	3	3	3	3
3	3	3	3	3	3	3	3	3	3	3	3	3	3	3	9	8	3	0	1	9	31	48	108	91	44	94	198	254	238	241	237	240	243	245	242	234	226	220	135	101	79	70	83	81	78	124	94	112	101	124	122	125	123	121	120	104	93	93	92	89	100	117	116	111	97	86	36	33	31	31	67	69	86	80	92	126	138	157	172	162	164	189	176	162	193	206	203	201	202	205	202	199	208	223	215	213	212	211	207	200	194	190	186	192	202	190	170	179	196	190	190	226	234	220	224	224	216	218	233	235	241	245	239	236	213	245	241	210	187	85	6	28	36	11	4	3	4	3	4	3	4	3	3	3	3
3	3	3	3	3	3	3	3	3	3	3	3	3	3	3	4	10	7	11	1	12	52	46	31	32	39	167	252	233	244	238	236	232	238	226	247	240	190	104	77	82	87	87	84	83	88	93	107	108	111	113	116	119	121	123	126	121	114	107	102	101	101	102	78	88	76	78	74	70	95	100	112	110	113	112	112	92	110	88	100	96	102	130	168	192	194	185	208	199	198	204	207	210	213	212	220	221	221	219	212	203	194	188	160	194	188	189	178	158	168	181	191	198	208	218	223	222	218	213	235	222	230	240	238	244	247	232	229	230	218	193	88	31	28	8	2	15	2	2	12	2	3	10	3	3	3
3	3	3	3	3	3	3	3	3	3	3	3	3	3	3	0	2	0	9	9	22	41	19	27	1	114	217	235	243	239	242	237	242	238	244	252	186	108	79	102	88	78	87	107	117	111	99	112	113	115	117	120	123	125	126	129	126	121	116	112	109	107	106	112	110	98	95	91	87	94	92	69	61	52	49	40	28	45	29	25	30	36	42	60	100	153	191	207	201	205	213	215	216	212	203	220	223	224	223	218	211	203	198	194	210	190	205	194	194	189	190	193	193	197	210	223	229	225	218	229	224	236	243	235	239	245	237	242	229	227	208	147	55	23	13	14	21	2	2	10	2	5	7	3	3	3
3	3	3	3	3	3	3	3	3	3	3	3	3	3	3	0	0	0	7	15	26	30	4	11	36	194	254	233	247	237	243	236	246	250	248	197	121	88	122	109	99	90	90	99	103	101	96	119	120	122	124	126	128	130	131	131	131	129	127	123	118	114	111	119	100	90	85	93	95	77	65	67	61	49	52	34	33	39	30	37	38	33	20	15	39	86	126	200	206	196	205	225	202	184	210	220	223	227	229	227	222	215	211	206	213	195	214	186	198	196	198	194	189	188	201	220	231	230	224	224	227	240	244	234	234	242	242	239	229	226	222	187	107	25	7	21	25	3	2	6	5	7	3	3	3	3
3	3	3	3	3	3	3	3	3	3	3	3	3	3	3	1	3	3	5	11	18	17	2	14	144	231	250	250	243	242	237	242	225	231	229	152	127	115	93	79	85	91	91	91	98	112	124	128	128	130	131	133	134	135	136	130	132	133	133	130	124	118	114	114	101	111	102	104	108	88	89	77	77	73	85	64	69	63	56	63	51	37	31	37	45	48	48	124	177	217	217	209	213	218	218	219	223	229	233	234	233	228	225	212	206	198	206	183	193	198	193	196	192	191	198	210	221	226	227	225	229	237	241	237	237	241	241	230	237	226	239	192	179	64	16	14	18	10	2	3	5	6	3	3	3	3
3	3	3	3	3	3	3	3	3	3	3	3	3	3	3	11	5	3	3	8	7	0	1	80	220	238	235	253	241	241	235	239	230	217	185	109	112	103	64	86	84	85	97	113	128	136	139	136	136	137	138	139	139	140	140	129	131	133	133	131	126	120	116	107	114	139	128	112	110	103	121	90	86	87	97	76	84	74	68	71	57	46	48	59	60	48	33	31	46	145	222	196	178	204	209	215	220	228	234	238	238	235	233	236	207	205	198	207	208	210	189	198	201	202	201	200	205	215	225	229	230	230	235	243	244	239	237	239	239	237	250	203	227	135	61	7	8	14	10	2	2	2	4	3	3	3
3	3	3	3	3	3	3	3	3	3	3	3	3	3	3	14	0	0	2	9	3	1	22	180	227	245	237	241	242	236	238	221	240	206	147	100	84	77	92	93	88	91	106	129	144	144	139	141	141	141	141	141	142	142	142	130	131	131	130	128	126	123	121	117	118	126	122	117	114	106	108	121	107	107	101	84	91	85	84	75	79	83	79	70	59	52	49	49	34	68	160	218	192	176	214	212	217	225	233	237	238	237	235	237	212	223	201	219	207	210	197	199	206	210	204	195	194	206	218	230	232	227	231	246	247	238	236	246	225	241	244	222	222	184	117	24	6	14	15	5	2	2	6	3	3	3
3	3	3	3	3	3	3	3	3	3	3	3	3	3	3	5	1	2	4	4	5	42	126	237	227	249	242	231	239	234	242	221	208	162	123	126	96	71	78	70	77	92	111	132	146	153	153	143	143	143	143	142	142	142	142	135	133	131	129	127	127	128	128	139	133	120	125	133	130	124	108	136	115	126	110	101	102	100	97	82	90	95	87	73	62	62	66	57	86	44	37	139	210	193	178	208	213	222	230	234	235	234	231	222	217	233	210	218	204	199	205	200	205	208	204	198	196	202	209	225	235	232	233	245	243	235	241	242	231	237	239	231	208	201	167	65	15	9	14	9	6	2	7	3	3	3
3	3	3	3	3	3	3	3	3	3	3	3	3	3	3	1	1	13	8	0	7	96	241	242	249	245	239	236	232	237	241	243	186	141	97	81	61	75	77	79	87	101	119	136	144	145	142	144	144	143	143	142	142	141	141	140	137	132	129	127	129	132	134	128	138	128	134	130	119	133	126	140	122	147	131	131	126	123	115	140	123	102	87	81	80	80	79	71	52	45	38	68	174	234	194	206	211	219	227	232	233	230	228	228	225	228	214	224	222	196	203	200	201	202	202	202	202	203	204	219	237	237	235	243	237	233	247	239	253	239	249	235	218	208	201	101	26	5	11	12	11	2	7	4	3	3
3	3	3	3	3	3	3	3	3	3	3	3	3	3	3	2	13	7	1	1	86	241	236	230	233	233	244	252	237	226	243	201	140	96	100	79	69	90	73	102	111	125	139	148	149	146	143	157	148	148	140	156	116	140	129	134	135	135	135	136	136	136	137	130	131	132	134	136	138	140	140	137	137	137	137	137	137	137	136	128	125	122	124	124	117	103	91	74	102	68	94	74	92	190	210	189	163	212	237	238	228	238	234	227	231	222	215	220	217	213	220	202	188	208	202	192	206	201	196	227	233	232	228	233	245	244	234	242	238	237	243	249	242	222	203	156	93	44	8	9	14	1	2	8	8	4
3	3	3	3	3	3	3	3	3	3	3	3	3	3	3	14	1	10	8	70	235	228	232	244	244	244	227	232	222	231	239	175	123	88	92	76	70	94	85	108	116	129	141	148	148	146	142	147	147	146	138	144	133	141	132	135	135	135	136	136	137	137	137	131	132	133	135	137	139	141	142	144	144	144	144	144	144	144	144	138	134	133	135	137	131	119	109	108	108	97	112	77	68	128	190	209	172	206	228	231	238	216	240	230	234	224	217	222	220	215	223	204	194	211	217	208	208	204	197	216	224	230	230	231	236	239	238	242	237	235	241	247	242	226	211	174	119	58	18	25	18	10	7	3	3	3
3	3	3	3	3	3	3	3	3	3	3	3	3	3	3	2	11	18	40	201	251	237	236	242	242	245	239	224	222	223	221	140	102	80	84	72	73	100	101	118	124	135	144	149	148	145	140	137	143	145	136	132	148	140	136	137	136	137	137	138	138	139	138	134	134	136	138	140	142	143	144	152	152	153	152	152	152	153	152	149	148	149	151	153	150	141	134	144	107	97	106	96	93	87	143	187	166	162	200	222	237	215	247	234	238	228	222	227	224	219	227	222	209	206	218	211	203	214	215	206	213	224	233	232	229	234	242	242	237	233	237	243	242	233	223	185	142	76	17	28	18	14	5	4	4	5
3	3	3	3	3	3	3	3	3	3	3	3	3	3	4	2	19	18	167	244	224	245	234	237	235	230	253	226	236	213	198	114	89	78	82	72	79	105	115	128	132	140	146	148	147	143	139	139	137	145	135	131	147	133	137	138	139	139	139	140	140	140	139	137	138	139	141	143	145	146	147	157	157	157	157	157	157	157	157	157	158	161	163	165	163	158	155	140	133	132	113	96	97	72	110	154	168	135	171	220	230	230	238	237	241	233	226	231	227	223	231	232	219	201	217	213	197	216	224	206	205	215	232	239	234	235	243	242	237	232	234	240	242	239	234	196	162	111	17	22	29	14	3	9	7	8
3	3	3	3	3	3	3	3	3	3	3	3	3	3	4	21	2	102	250	239	238	252	216	246	237	230	229	225	236	207	157	102	87	85	82	78	89	109	123	134	137	142	146	147	144	141	138	146	130	143	135	137	134	124	135	140	140	140	141	141	141	142	141	140	141	142	144	146	148	150	151	159	159	159	159	159	159	159	159	159	162	167	168	168	168	167	167	155	169	154	130	109	102	72	73	143	163	157	147	206	234	228	223	239	243	235	228	234	230	226	233	222	218	204	223	223	199	207	214	215	204	206	227	244	245	241	241	242	238	234	235	238	242	242	241	209	184	154	34	17	49	19	11	6	5	5
3	3	3	3	3	3	3	3	3	3	3	3	3	3	4	2	70	208	241	244	225	244	220	242	239	242	201	229	220	184	94	94	85	87	80	83	100	110	125	136	138	141	143	143	142	140	138	145	130	136	135	138	126	123	133	141	141	142	142	142	143	143	142	143	144	145	147	149	150	153	154	160	160	160	159	160	160	160	160	161	166	169	170	167	167	171	173	171	173	149	149	139	126	93	72	112	116	168	116	165	235	216	223	239	243	235	228	234	230	227	234	222	220	209	216	219	203	202	212	221	208	202	218	239	249	244	238	241	240	239	238	239	241	242	242	213	194	174	65	13	47	19	18	2	3	2
3	3	3	3	3	3	3	3	3	3	3	3	3	3	4	14	205	230	243	227	219	220	241	232	231	223	197	219	196	140	67	86	78	83	76	87	109	112	126	133	136	138	140	140	140	139	138	131	135	125	137	130	131	131	132	142	142	143	143	143	144	144	143	146	146	148	149	152	154	155	155	163	163	163	163	163	163	163	164	162	170	173	171	167	165	170	176	163	170	177	180	145	128	110	108	74	86	136	103	121	204	219	224	238	242	234	227	233	229	227	233	225	225	218	208	214	211	200	215	219	211	204	208	225	242	243	236	240	242	243	243	242	240	240	240	216	204	173	109	21	28	25	28	2	5	2
3	3	3	3	3	3	3	3	3	3	3	3	3	3	4	135	234	244	227	241	226	248	231	237	223	180	201	191	177	106	87	78	72	77	70	88	115	114	127	133	134	135	138	138	138	138	138	116	140	116	139	120	141	139	132	143	143	143	144	144	144	145	144	147	148	149	150	153	155	156	156	167	167	167	167	167	167	167	168	165	171	175	172	167	166	171	178	191	180	192	185	152	150	111	94	71	107	107	118	102	161	231	215	237	242	232	226	230	228	224	231	216	223	231	217	224	223	196	205	213	213	207	201	212	233	241	236	240	243	247	247	243	240	238	238	227	219	172	151	40	18	40	46	11	16	8
3	3	3	3	3	3	3	2	0	0	15	0	0	41	102	221	252	244	232	216	226	225	243	249	221	222	206	167	120	80	87	82	59	67	97	112	124	142	154	149	155	150	139	134	140	138	130	133	111	132	119	136	126	128	141	144	142	139	138	140	144	149	152	146	151	144	155	149	159	153	158	156	166	170	164	161	166	170	168	163	167	163	174	166	179	173	177	186	177	174	186	170	167	140	113	84	73	96	117	83	131	200	227	216	220	237	249	237	206	230	226	229	227	225	222	219	215	213	212	204	204	203	205	210	222	236	246	239	239	239	240	241	242	242	243	231	230	205	177	105	1	8	20	24	10	4
3	3	3	3	3	3	3	5	6	8	0	8	6	37	173	237	246	231	209	219	228	235	245	231	203	206	187	140	93	65	75	67	53	68	98	115	130	147	152	165	154	154	136	140	124	130	128	126	124	125	126	120	140	127	138	143	141	140	139	141	144	148	151	148	147	151	149	155	153	157	156	156	166	170	164	161	166	170	168	166	168	171	171	177	176	180	180	187	179	176	190	173	171	146	123	92	65	79	90	83	117	186	215	237	231	233	240	242	220	237	232	233	232	229	226	223	220	218	216	209	209	206	202	202	214	233	249	238	239	239	240	241	242	242	242	237	229	200	175	133	33	11	11	10	0	0
3	3	3	3	3	3	3	4	8	11	0	16	14	88	231	238	231	222	204	234	237	241	234	235	214	213	178	115	73	59	63	53	54	79	111	130	149	162	159	179	155	155	131	142	110	123	126	121	130	126	124	114	142	131	134	141	141	140	140	141	144	148	150	148	145	154	145	159	150	159	156	156	166	170	164	161	166	170	168	171	168	178	169	184	175	186	182	187	180	177	191	176	177	157	138	117	74	71	70	87	107	173	210	215	229	241	244	246	217	224	228	225	224	222	219	215	212	210	209	213	215	212	201	195	204	228	249	238	238	239	240	240	241	242	242	243	232	199	175	164	80	13	5	14	9	9
3	3	3	3	3	3	3	1	6	0	13	7	40	187	241	233	221	214	210	236	241	241	231	213	210	206	158	98	82	88	82	52	65	101	134	153	173	182	172	178	157	152	128	133	111	123	125	124	125	129	119	125	131	136	133	139	139	140	141	143	145	147	148	148	146	152	147	157	152	158	156	156	166	170	164	161	166	170	168	170	168	175	171	181	177	184	182	188	182	181	193	179	182	168	153	134	92	70	64	77	91	149	204	197	224	247	245	250	219	217	225	236	235	233	229	226	223	221	219	211	217	218	207	194	197	219	240	238	238	238	239	240	241	241	242	246	241	212	180	177	107	13	8	0	1	2
3	3	3	3	3	3	3	3	8	0	11	8	109	248	241	233	220	206	215	218	236	239	242	198	206	183	122	73	76	90	73	57	76	119	155	171	185	189	177	164	159	147	126	120	123	127	125	128	123	120	127	129	126	132	138	137	138	140	142	144	145	145	145	147	150	147	154	150	157	154	157	156	166	170	164	161	166	170	168	165	169	166	174	171	180	177	180	190	184	183	193	178	184	175	165	137	109	75	67	54	68	116	187	208	224	239	233	251	239	229	231	226	224	222	219	216	212	210	209	206	216	222	214	200	197	212	228	237	237	238	239	240	240	241	241	244	249	232	194	175	116	21	14	25	26	12
3	3	3	3	3	3	3	8	13	0	0	53	195	243	250	222	213	208	231	221	234	232	234	210	210	157	93	62	64	72	56	68	86	131	169	179	182	183	174	152	156	143	126	118	129	129	123	126	130	105	142	119	133	125	142	135	136	140	143	145	145	144	143	146	151	145	156	148	159	153	158	156	166	170	164	161	166	170	168	164	169	164	177	168	181	175	180	192	187	184	193	175	183	178	172	149	135	100	84	47	58	101	171	185	205	239	235	246	238	228	226	236	235	233	230	226	223	221	220	204	213	220	215	204	200	208	219	237	237	238	238	239	240	240	241	241	249	244	215	177	131	44	16	0	8	1
3	3	3	3	3	3	3	6	10	2	12	134	243	231	241	215	202	215	240	237	233	226	216	207	188	114	73	74	69	74	78	89	101	145	185	189	180	178	175	153	147	144	128	128	121	124	120	122	137	106	141	114	136	129	138	133	135	140	144	146	145	143	142	147	149	149	152	152	155	155	157	156	166	170	164	161	166	170	168	168	170	171	175	175	180	180	183	194	188	185	192	171	179	178	175	166	153	129	96	56	55	100	150	157	184	241	239	238	233	225	218	229	227	225	222	219	216	213	212	209	212	213	208	202	203	210	218	236	237	237	238	239	240	240	240	239	239	243	238	193	159	77	10	6	22	17
3	3	3	3	3	3	3	0	3	0	58	201	250	238	217	226	199	214	228	239	227	230	213	211	173	84	61	79	60	61	82	108	115	158	200	199	183	179	180	158	140	147	129	140	110	119	118	119	137	118	127	120	132	140	131	132	135	141	145	146	145	143	141	148	145	154	146	158	150	159	156	156	166	170	164	161	166	170	168	172	170	178	173	185	178	188	185	194	189	185	190	169	176	178	176	170	153	140	92	58	47	94	125	171	181	231	231	236	245	240	223	233	232	230	226	223	220	218	216	215	212	206	201	199	204	213	220	236	236	237	238	239	239	240	240	240	230	236	252	210	186	102	2	9	29	25
2	2	3	3	4	4	4	0	34	26	156	243	235	231	212	201	207	224	241	244	232	219	214	199	143	76	58	80	80	68	70	90	120	161	186	186	171	160	158	143	150	136	133	146	127	111	132	125	120	127	117	131	124	136	135	131	134	138	141	142	142	141	140	149	150	151	151	153	153	154	155	160	161	162	164	166	168	169	170	167	172	167	180	173	187	182	188	184	190	189	183	183	187	187	181	169	159	131	115	69	39	55	119	161	185	219	240	244	242	235	228	227	228	229	229	226	223	219	216	215	216	229	193	208	195	215	203	224	226	230	235	239	241	243	244	249	233	228	229	235	181	145	25	0	15	11
2	3	3	3	4	4	4	57	43	77	184	243	244	224	204	189	217	235	231	232	237	226	204	174	117	70	70	80	71	74	98	97	141	183	188	174	163	159	157	139	150	140	129	136	129	118	125	126	121	127	118	131	126	137	135	135	138	142	145	146	146	145	144	149	150	151	151	153	153	154	155	160	161	162	164	166	168	169	171	173	178	174	186	180	192	188	193	185	190	190	184	183	188	187	182	164	161	137	122	80	51	52	100	142	174	207	227	237	235	226	222	227	228	229	229	227	223	219	217	216	221	224	203	204	202	212	206	220	224	230	236	241	242	242	241	241	237	235	231	243	210	183	68	1	13	11
3	3	3	4	4	4	5	39	17	140	224	241	240	212	203	192	211	232	237	232	224	215	207	144	91	72	92	85	59	73	111	124	160	186	180	170	169	159	143	137	148	142	126	126	130	125	118	127	123	127	121	131	128	137	137	139	142	145	148	150	150	149	147	149	150	151	151	153	153	154	155	160	161	162	164	166	168	169	171	170	173	172	181	178	187	186	189	186	191	190	184	184	189	188	182	161	165	145	130	94	67	52	74	129	176	210	228	247	244	231	233	228	229	230	230	228	224	220	217	217	226	221	215	203	210	209	210	213	220	230	238	243	243	240	237	228	232	230	221	235	221	205	104	6	9	8
3	3	4	4	5	5	5	0	19	189	245	240	227	200	201	196	211	231	238	230	215	204	201	138	91	82	97	76	52	75	112	143	165	179	174	168	167	156	139	142	142	139	128	122	126	126	119	127	126	126	124	130	131	137	138	140	142	146	149	150	150	149	148	149	150	151	151	153	153	154	155	160	161	162	164	166	168	169	171	169	171	172	178	180	184	185	187	187	193	191	185	185	190	190	183	164	172	150	133	104	83	55	57	102	162	198	215	242	242	227	233	229	230	231	231	228	225	221	218	219	225	222	219	208	210	209	212	207	215	228	239	244	243	239	235	243	244	238	230	239	229	218	147	12	3	3
4	4	4	5	5	5	6	3	93	224	246	244	217	192	192	192	227	242	223	214	220	205	175	136	98	84	81	61	56	85	114	142	159	177	178	164	152	150	154	149	139	134	133	127	121	122	126	128	128	126	128	129	135	137	140	138	140	144	147	149	149	147	146	149	150	151	151	153	153	154	155	160	161	162	164	166	168	169	171	176	176	181	182	189	189	194	193	188	193	192	186	186	191	191	185	171	178	154	134	109	92	59	51	81	150	194	212	241	245	233	237	230	231	232	231	229	226	222	219	220	220	224	219	216	205	209	211	204	212	225	237	243	242	238	235	248	240	233	232	237	224	217	180	21	1	3
4	4	5	5	6	6	6	19	164	247	247	243	203	183	190	206	230	238	221	214	214	192	158	104	91	84	78	65	67	87	105	145	153	167	175	169	157	153	156	154	143	133	133	133	122	121	133	129	131	125	132	128	138	137	142	138	141	144	148	149	149	148	147	149	150	151	151	153	153	154	155	160	161	162	164	166	168	169	171	175	175	182	179	190	187	193	191	189	194	193	187	187	192	192	185	174	180	156	139	115	97	62	54	65	138	192	214	239	250	243	241	231	232	233	232	230	227	223	220	218	216	222	220	218	202	205	209	203	210	221	232	239	241	239	237	233	226	221	226	228	218	214	204	53	2	5
4	5	5	5	6	6	6	54	202	245	240	231	195	175	194	224	229	229	223	218	206	177	147	78	82	79	70	62	61	79	104	151	158	166	172	175	174	161	147	152	155	139	128	135	129	123	137	130	133	125	134	128	140	137	143	142	145	148	151	153	153	152	151	149	150	151	151	153	153	154	155	160	161	162	164	166	168	169	171	173	170	179	173	188	182	190	188	190	195	195	188	187	193	192	186	170	177	159	149	125	99	62	57	35	109	174	200	218	236	236	226	231	232	233	233	231	227	223	221	215	215	213	226	211	204	197	208	204	209	217	227	234	238	240	241	233	236	233	232	232	232	227	227	118	24	2
5	5	5	6	6	6	7	130	232	230	219	216	200	175	192	223	241	237	211	209	215	181	128	87	87	69	47	38	39	71	122	143	169	184	177	171	174	167	151	149	167	145	123	135	136	127	138	130	134	126	137	127	142	137	144	146	150	152	155	157	157	156	155	149	150	150	151	153	153	154	155	160	161	162	164	166	168	169	171	179	175	186	179	194	186	196	193	189	194	194	188	188	193	193	186	164	173	162	158	133	102	61	58	28	100	173	201	215	236	240	225	232	233	234	233	231	228	224	221	212	216	205	232	204	208	190	207	205	209	215	223	231	237	241	243	225	240	237	225	221	229	223	219	178	47	1
2	3	10	7	9	28	41	198	216	241	227	193	195	208	196	248	215	240	222	209	211	175	105	65	76	62	25	36	59	77	128	149	181	180	176	169	183	177	183	172	161	153	155	152	139	129	127	137	141	143	138	131	129	135	142	144	146	148	151	153	156	159	160	150	150	152	153	155	156	157	157	164	163	163	162	162	161	160	159	171	159	171	170	177	190	186	203	192	184	185	193	192	182	180	186	180	186	155	142	130	124	84	75	41	93	158	192	225	232	242	230	229	228	229	232	235	232	224	216	191	213	230	226	212	206	211	218	205	208	213	221	229	236	242	245	241	234	234	240	237	224	220	224	179	90	27
2	4	4	28	29	31	98	219	232	238	215	195	179	198	222	240	227	219	228	187	200	142	80	59	64	48	16	33	60	73	116	150	183	184	179	171	182	173	176	170	159	151	153	149	137	127	124	141	144	145	141	136	135	141	146	142	143	145	148	150	154	156	156	149	150	151	153	154	155	156	156	162	161	160	160	160	160	160	160	174	169	175	177	181	187	188	196	189	191	192	190	190	191	190	188	178	183	164	151	145	131	95	78	59	91	146	166	202	225	245	250	227	226	227	231	234	233	226	220	211	210	209	213	220	223	216	206	205	208	214	221	229	236	241	244	236	238	238	235	232	229	224	219	203	135	62
4	5	0	38	31	30	158	232	247	240	199	197	175	196	234	233	219	228	209	216	179	152	76	72	61	32	7	16	58	84	129	144	180	185	186	180	188	176	177	188	172	158	154	149	141	137	139	139	141	142	139	137	138	143	147	139	140	142	145	148	150	152	153	148	149	150	151	152	153	155	154	158	158	159	159	160	160	160	162	167	173	171	177	178	175	180	175	186	194	194	184	184	193	193	184	163	166	161	145	149	129	99	75	51	74	143	163	200	228	235	247	227	224	224	227	233	234	230	226	210	211	213	216	217	216	215	214	206	209	214	221	228	235	240	243	232	241	241	231	228	232	227	215	220	161	67
9	4	3	25	7	43	190	230	243	235	188	192	190	212	222	214	219	199	213	196	172	126	62	45	47	42	20	37	70	85	118	136	175	188	193	191	201	187	187	203	182	161	151	146	142	144	152	134	135	135	135	135	138	144	146	138	140	142	144	147	149	152	153	147	147	148	149	151	152	153	154	159	159	160	160	161	161	162	162	155	172	167	179	184	180	192	178	172	176	172	164	163	168	168	163	153	151	152	133	142	122	104	76	34	56	141	168	209	233	221	233	227	224	221	224	230	234	234	231	200	211	224	227	216	205	210	222	207	210	215	221	227	233	238	240	233	239	239	233	229	230	225	217	214	166	72
14	6	17	8	1	92	209	235	220	211	182	185	205	232	218	228	225	202	213	188	154	101	38	41	41	37	11	19	58	93	136	144	185	198	203	198	206	189	188	188	170	153	147	141	133	129	133	131	130	129	131	135	141	145	146	137	138	141	144	147	149	151	153	145	146	147	147	149	150	151	152	160	160	160	160	160	160	160	160	157	174	165	167	165	159	166	146	156	148	144	144	141	136	138	144	157	147	148	131	137	123	114	88	40	53	130	158	201	226	218	234	231	225	220	220	227	233	235	235	208	205	213	227	229	218	209	210	209	211	215	220	226	232	236	238	238	233	233	237	234	224	219	221	211	182	109
16	11	25	4	30	160	228	245	204	184	184	183	213	237	231	239	210	214	197	195	139	105	35	5	16	36	25	29	59	83	114	164	201	209	207	196	199	179	176	165	154	147	147	140	124	110	107	123	121	119	123	131	138	141	142	133	134	137	140	142	145	147	149	143	145	145	147	148	149	150	150	157	157	156	154	152	151	150	149	150	163	156	145	139	140	140	121	144	132	128	134	133	127	132	144	154	143	140	130	127	123	115	89	50	57	119	150	195	216	220	236	236	228	220	218	223	230	234	236	218	203	203	223	234	223	210	208	210	212	216	220	226	230	234	236	240	231	231	239	235	222	217	223	225	198	134
16	16	12	8	83	204	233	235	213	180	191	191	226	230	237	223	192	179	197	149	141	78	28	17	13	18	8	12	57	94	127	174	207	211	204	189	190	170	166	150	139	131	131	124	108	93	90	101	98	94	100	112	121	123	122	124	126	128	131	134	137	140	141	143	143	143	145	147	147	149	149	150	149	147	143	140	137	135	134	123	133	137	120	120	139	136	127	113	109	107	110	115	122	131	138	149	141	138	139	125	128	112	85	59	64	111	149	194	208	222	234	242	232	221	216	220	227	233	235	225	207	204	218	223	213	212	223	211	213	216	220	225	229	233	234	236	234	234	235	232	225	220	219	233	206	141
16	18	0	9	120	215	225	212	231	194	198	202	242	222	230	243	188	200	184	153	120	73	14	21	11	17	9	22	70	101	126	171	204	205	198	185	186	168	166	141	123	107	99	92	82	76	79	78	73	70	77	89	99	101	99	119	119	121	124	128	131	133	134	142	142	143	144	146	146	148	149	145	143	141	135	131	126	124	122	110	111	113	81	73	91	77	71	68	74	76	73	82	103	116	116	154	150	149	159	137	143	119	89	71	73	103	141	186	199	227	240	246	235	221	215	218	225	231	234	235	210	199	210	216	210	215	232	211	213	216	220	225	229	232	233	231	239	239	230	227	229	225	214	224	214	156
23	14	7	1	109	218	252	219	201	185	192	211	227	225	217	207	183	187	171	143	89	53	13	12	6	22	8	24	53	100	147	199	205	204	191	179	169	155	142	135	124	99	97	71	66	55	64	61	51	62	58	63	74	60	64	94	96	111	118	137	136	117	141	144	145	147	149	148	146	143	141	150	158	124	143	114	118	100	92	92	75	66	68	71	63	51	43	40	51	63	65	67	80	107	130	136	164	178	163	145	132	108	80	69	48	104	154	166	188	207	224	241	225	217	222	223	218	222	232	235	220	206	205	214	221	219	213	212	207	212	204	218	217	232	234	238	243	220	241	237	234	224	207	220	211	179
12	12	4	9	145	204	243	227	214	211	200	218	217	229	226	194	186	180	181	139	96	40	9	15	9	19	19	20	55	99	159	190	201	201	182	160	148	142	140	133	118	98	89	68	56	48	55	41	45	56	52	49	55	58	70	83	89	104	109	128	132	117	135	140	142	145	147	147	146	143	142	146	149	126	133	119	109	102	88	84	69	57	53	49	41	40	44	45	44	51	68	90	104	107	105	141	156	159	150	148	147	126	97	63	44	98	151	169	190	211	229	239	226	219	222	222	217	221	231	234	221	208	206	215	221	219	213	211	210	207	210	212	222	228	234	232	237	237	238	236	223	223	215	218	212	179
0	9	0	31	185	195	231	241	206	198	190	240	237	236	206	186	191	166	176	126	94	27	13	25	17	13	22	10	49	103	181	188	202	200	172	141	128	132	138	110	99	95	86	81	61	57	57	52	52	43	45	48	48	58	56	68	80	94	97	115	127	121	129	135	137	141	144	146	146	146	144	143	143	130	125	123	102	102	84	74	64	55	48	39	29	31	40	42	41	44	50	60	75	89	100	114	125	129	123	128	134	122	100	56	41	90	146	170	192	214	231	236	227	222	222	219	215	219	227	232	221	211	209	216	221	219	214	211	213	203	214	206	224	224	233	233	229	245	231	239	225	222	217	215	215	180
0	8	0	61	198	202	224	206	191	200	200	236	228	225	203	189	192	158	153	110	79	23	22	21	13	14	26	17	41	104	184	192	197	186	154	124	114	117	123	99	90	97	89	89	60	53	46	42	42	23	31	39	39	55	47	53	70	83	88	105	123	127	126	131	134	140	146	150	151	152	152	147	146	132	128	126	103	100	80	55	47	41	41	35	23	17	18	24	31	32	22	12	20	47	72	73	94	111	112	111	113	109	101	52	41	81	140	170	189	210	226	231	229	226	222	216	213	217	223	230	222	214	213	217	220	219	215	212	212	205	211	208	220	223	230	240	223	236	226	240	240	220	212	213	216	184
3	8	0	95	190	223	223	188	188	199	217	235	230	208	184	186	183	157	133	105	60	22	20	8	6	17	26	31	35	105	172	198	189	164	133	113	106	102	95	106	91	90	71	65	32	25	19	7	16	7	15	16	15	43	46	44	59	72	83	99	120	134	129	132	136	143	150	156	160	162	161	156	159	138	139	125	105	92	73	38	23	15	19	21	13	4	2	2	4	7	6	4	3	4	5	20	42	66	78	81	81	76	71	49	43	73	132	168	180	200	215	226	230	230	222	213	211	215	218	227	223	218	217	218	220	218	216	214	209	211	204	213	213	224	226	236	225	229	232	233	246	217	215	212	215	192
6	10	14	127	185	237	219	204	200	203	227	242	236	197	163	178	167	161	126	105	45	22	9	14	8	11	11	25	34	115	176	210	188	153	123	111	107	94	77	83	64	50	34	25	10	12	17	17	19	11	11	10	9	18	19	35	45	57	78	93	112	136	130	135	140	148	158	166	171	175	176	169	171	147	146	124	99	81	59	40	19	6	7	14	13	10	7	24	27	35	42	45	42	33	26	4	7	16	31	42	45	37	28	42	39	61	122	164	173	193	206	221	232	234	222	210	209	212	213	225	223	222	220	220	219	218	217	216	208	213	201	214	209	223	223	224	229	231	240	227	236	218	223	213	212	202
1	11	39	151	200	237	210	196	210	233	235	231	206	192	180	178	159	158	120	93	35	23	6	18	18	7	11	21	47	124	176	202	178	140	111	100	94	76	54	35	25	12	14	8	10	14	26	36	23	19	13	15	17	6	6	26	29	40	73	86	100	133	130	140	146	155	166	175	182	187	189	179	175	157	140	127	84	70	41	39	24	14	16	20	20	21	25	51	59	70	77	80	86	97	106	59	44	28	21	20	20	21	22	30	31	47	113	161	170	191	202	218	233	237	222	208	208	211	210	223	224	224	223	221	219	218	218	215	211	209	205	208	211	219	222	222	230	229	237	233	228	226	221	214	208	212
1	11	57	164	218	231	203	203	201	223	215	234	206	200	178	186	158	151	113	76	28	26	12	4	19	10	35	38	68	121	156	178	154	119	88	75	67	47	26	12	11	6	21	10	14	6	15	6	3	19	12	10	17	7	19	20	17	29	69	82	92	128	128	144	150	160	171	181	189	194	196	185	175	166	133	130	71	63	27	21	18	20	27	25	19	20	26	10	19	31	42	55	70	89	103	111	88	54	19	3	3	5	19	20	23	38	107	160	170	192	205	216	234	239	222	207	207	210	208	222	224	226	225	221	218	218	219	214	215	204	211	202	215	214	222	228	228	221	227	246	228	235	211	216	205	218
5	47	84	161	239	231	205	186	207	251	234	219	185	182	157	173	147	147	132	88	16	6	20	11	20	18	9	60	66	134	173	162	119	94	88	65	40	24	14	25	11	12	12	0	0	3	6	3	0	4	9	2	7	24	19	10	17	30	45	65	91	118	138	140	157	174	184	191	197	200	199	200	177	165	143	138	100	69	37	31	29	28	27	23	17	9	2	11	16	6	1	12	14	15	29	18	30	31	16	6	8	12	8	4	20	40	120	157	179	189	194	212	229	235	221	210	211	212	208	200	215	222	215	209	213	216	212	214	212	210	208	208	210	213	214	221	228	231	228	229	233	232	225	216	213	193
2	18	87	172	222	216	202	205	218	221	234	202	197	184	166	161	143	130	93	52	6	5	12	18	14	10	10	64	79	141	160	127	98	76	61	40	26	17	5	20	2	1	10	9	3	2	0	6	14	12	8	13	15	8	5	20	27	38	51	67	88	111	127	138	154	178	191	190	185	195	209	190	187	161	147	118	117	104	104	52	36	21	21	29	29	14	2	9	4	1	1	3	0	0	9	3	9	11	8	7	7	5	1	4	14	32	100	145	165	187	196	212	228	234	222	210	210	211	208	206	211	218	220	216	211	213	219	214	212	209	207	208	210	212	214	220	228	231	228	229	233	231	224	208	208	197
12	40	116	196	236	226	189	212	206	231	218	229	176	197	164	153	150	131	75	41	13	15	12	11	9	18	23	57	78	146	159	99	81	64	42	19	16	15	5	3	8	32	37	19	12	9	0	7	18	11	28	76	83	45	23	25	33	45	57	71	88	108	121	155	149	159	184	202	200	196	197	186	184	159	153	143	158	138	123	54	34	21	33	55	58	31	2	19	2	1	1	7	25	53	72	42	24	7	4	8	11	11	11	12	18	40	97	151	165	195	201	212	225	231	222	210	207	208	208	211	208	214	225	223	212	213	224	213	212	208	206	207	209	212	213	219	227	230	227	228	232	231	224	216	209	198
2	46	176	241	213	208	222	207	215	219	236	210	176	185	175	143	152	136	83	57	29	21	11	7	6	21	32	51	81	153	156	96	78	65	45	20	13	17	14	4	24	67	77	43	14	8	5	0	2	7	41	85	83	46	23	24	33	46	59	73	91	108	122	136	157	181	191	189	186	197	210	191	183	175	153	174	171	152	109	43	28	20	31	51	55	35	13	15	2	2	1	10	52	97	111	65	32	3	3	3	3	2	3	3	6	34	88	147	151	181	181	212	222	228	222	210	204	205	208	210	209	214	222	223	218	218	223	212	211	207	206	207	208	211	212	219	226	229	226	227	231	230	223	220	210	201
15	66	164	219	215	219	214	223	218	213	219	194	171	182	179	130	137	122	79	61	26	11	8	16	5	10	28	53	98	161	146	104	77	64	56	29	11	12	18	28	13	35	69	57	20	4	5	23	13	30	50	36	16	14	15	35	42	52	62	73	89	106	120	150	159	165	172	196	217	209	183	190	196	195	160	158	150	150	130	88	72	52	40	36	38	39	38	16	21	30	26	27	56	75	61	45	22	7	10	17	14	8	8	23	25	50	100	156	160	191	194	213	219	225	222	211	201	202	209	204	211	215	214	219	225	224	217	211	210	206	205	206	207	210	211	218	225	228	225	226	231	229	222	210	206	209
1	65	190	242	203	194	221	233	204	222	194	208	170	179	154	130	129	105	64	55	20	8	17	14	8	10	27	48	101	164	152	115	82	70	69	45	20	17	20	26	9	7	18	24	26	17	2	36	17	32	44	20	15	42	56	62	65	67	69	75	87	104	118	132	167	187	178	182	203	209	195	181	201	195	182	149	154	149	153	136	119	93	65	43	31	29	29	20	33	42	35	31	40	37	17	22	19	19	28	36	42	48	53	36	34	43	89	137	150	184	194	212	216	222	223	211	198	199	209	200	209	211	208	215	227	225	212	211	209	205	204	205	206	209	211	217	224	227	224	225	230	228	221	213	207	211
31	118	201	236	223	202	207	223	209	215	212	185	193	152	139	130	130	99	53	50	22	13	23	9	15	13	25	42	99	163	162	135	109	97	94	77	61	50	38	20	18	15	8	7	25	26	4	10	8	14	23	35	56	75	80	85	84	80	77	81	94	114	130	149	162	168	172	195	218	211	183	184	195	192	199	180	178	158	152	145	122	94	73	60	45	27	12	19	20	15	14	18	17	17	24	18	35	48	48	47	56	71	81	61	59	57	108	143	163	191	205	212	214	220	223	211	196	197	209	200	200	202	208	217	223	219	212	210	208	205	203	204	206	208	210	216	224	227	224	224	229	227	220	219	211	210
44	142	212	225	204	193	229	227	204	238	188	179	172	153	142	118	127	96	45	45	23	11	15	18	17	5	15	45	110	165	158	156	139	129	121	109	104	89	63	48	18	20	42	37	18	13	16	6	36	41	34	57	75	71	68	94	91	85	82	87	105	129	148	147	159	171	180	195	207	205	194	197	192	202	198	207	182	171	154	165	130	94	82	89	89	69	47	40	27	15	23	35	23	27	58	41	74	103	98	84	81	85	89	59	63	61	119	146	167	183	194	214	213	219	223	212	195	196	209	203	193	194	209	220	217	213	215	210	208	204	203	204	205	208	210	216	223	226	223	224	229	227	220	210	209	215
77	117	210	254	223	194	222	200	214	185	176	184	171	158	138	127	129	90	69	17	24	8	13	12	6	23	37	16	109	164	191	171	174	176	169	152	130	111	99	108	87	84	76	90	71	67	57	61	68	74	75	75	81	94	106	88	80	95	93	102	120	117	131	154	158	167	181	195	201	196	188	192	189	192	199	193	178	176	186	177	158	139	128	115	102	103	112	91	120	120	137	106	124	109	117	109	147	130	136	134	130	102	80	85	69	72	89	140	148	168	187	211	213	220	223	210	192	194	210	200	204	199	188	191	208	217	214	213	204	200	206	206	200	202	211	209	220	227	224	222	226	228	225	224	204	188
34	154	219	222	197	195	251	225	227	190	177	180	168	160	147	119	124	88	65	16	24	8	7	12	6	22	30	24	108	164	190	180	180	177	170	157	140	120	108	103	94	99	92	97	79	84	84	79	87	97	100	97	97	100	104	90	88	96	98	106	118	122	131	153	150	167	198	212	199	188	189	206	195	191	201	206	196	187	186	179	169	157	147	135	123	117	118	126	145	152	158	147	158	155	157	145	148	133	125	142	115	119	109	84	73	76	102	151	164	177	196	210	212	219	222	209	193	195	209	197	201	197	187	191	208	218	217	211	206	202	204	204	202	204	209	208	220	227	224	222	226	228	225	243	225	206
18	150	229	206	210	211	225	226	221	191	186	183	158	144	132	110	117	82	53	12	23	9	5	12	9	20	20	34	106	163	188	195	188	178	169	159	141	119	102	92	85	90	89	95	83	88	91	99	104	109	110	105	101	99	100	96	101	98	107	114	117	131	132	161	156	169	195	208	198	193	199	201	199	202	207	204	194	191	195	183	184	180	170	159	150	139	130	125	132	139	132	139	142	148	144	147	150	136	126	141	117	123	111	79	71	67	106	148	170	175	194	208	211	217	218	208	196	197	206	193	195	191	186	191	206	217	219	208	210	206	201	201	206	208	206	208	220	227	223	221	225	227	225	231	215	188
52	170	249	200	199	228	197	222	212	187	190	183	153	140	126	107	109	72	37	7	19	13	6	11	11	18	14	41	103	164	187	192	188	184	190	192	185	164	145	122	108	103	111	123	120	115	112	118	116	113	108	105	105	106	109	104	113	103	113	119	118	136	133	158	167	178	189	199	203	203	200	192	198	203	204	198	190	190	195	189	196	194	181	172	169	160	146	145	146	144	133	139	143	148	141	142	163	139	141	130	138	129	107	90	79	64	104	140	171	173	195	206	210	215	215	207	200	200	204	190	189	186	185	191	204	215	221	207	213	209	199	199	209	211	204	208	219	226	223	221	225	227	224	228	229	207
67	210	222	228	187	239	197	230	211	183	186	177	154	154	142	110	100	60	22	6	13	17	15	8	14	18	16	40	98	165	187	186	185	188	199	206	200	178	158	146	133	124	135	141	141	132	130	129	124	119	116	116	117	119	119	112	120	109	118	123	120	137	133	148	164	184	200	207	205	199	193	198	197	195	197	203	204	197	188	195	199	193	179	172	175	172	164	177	179	169	164	161	173	173	170	161	176	153	154	139	151	147	124	116	95	69	102	138	171	177	202	204	210	213	211	207	204	203	202	190	185	182	185	191	200	212	221	207	213	209	199	200	209	211	205	207	219	226	222	220	224	226	224	222	222	187
88	197	235	196	234	206	232	213	198	177	180	170	153	153	132	110	89	50	19	7	10	18	21	5	15	18	25	32	93	167	189	186	187	187	188	186	173	151	134	135	133	128	137	128	126	121	129	121	119	119	122	125	122	116	110	119	121	116	120	123	124	133	134	155	158	177	202	207	194	193	204	196	202	204	202	204	207	204	196	196	194	186	175	170	173	176	175	167	174	169	166	161	174	176	177	168	163	164	165	168	143	151	123	124	96	66	90	133	163	175	198	202	209	211	207	206	209	206	200	192	184	180	185	190	195	206	219	210	211	207	202	203	207	209	208	207	219	225	222	220	224	226	223	219	228	197
86	254	203	218	189	225	234	196	188	174	175	162	149	146	111	106	77	46	27	18	11	15	21	4	15	20	37	20	88	169	192	188	186	183	180	174	165	155	148	138	137	130	143	132	134	127	136	124	119	117	119	122	120	111	104	124	120	123	119	121	128	126	133	158	159	174	195	198	187	193	209	185	202	210	203	197	201	203	200	193	186	179	176	173	171	175	180	163	171	180	165	166	165	177	175	164	160	169	174	174	147	152	119	116	84	62	79	134	157	173	191	200	208	210	204	205	212	208	198	196	184	180	186	190	191	201	215	213	208	205	206	206	204	206	211	206	218	225	222	220	224	226	223	231	232	180
122	219	219	207	218	232	185	208	198	177	169	151	149	153	117	100	69	46	36	31	13	12	18	4	15	21	45	12	86	170	194	194	189	179	165	152	144	142	142	144	135	120	141	139	148	134	135	145	134	124	120	123	124	119	114	127	117	127	119	120	131	122	133	140	160	183	195	198	196	194	194	185	192	194	190	194	204	199	185	191	181	177	181	179	171	172	181	176	182	203	172	180	160	180	174	176	184	170	176	153	167	167	133	112	81	67	84	147	164	182	194	198	208	209	203	206	214	210	198	199	186	181	186	189	188	197	213	216	206	203	208	208	202	204	214	206	218	225	221	219	223	225	223	219	220	170
152	239	209	224	232	227	217	201	185	182	174	151	140	133	114	88	61	32	21	20	15	11	11	16	16	33	41	23	79	172	175	186	181	163	158	139	140	131	134	130	138	140	133	135	137	135	127	136	134	132	128	125	122	120	119	101	119	130	125	117	123	134	141	170	161	166	190	206	202	194	191	183	208	195	198	202	187	194	200	187	185	183	180	179	176	174	173	183	181	177	174	173	175	178	180	178	176	182	164	170	154	145	123	109	83	80	80	119	162	172	209	207	202	205	204	201	211	213	198	191	191	170	184	197	204	190	205	208	217	218	210	204	207	208	205	204	212	210	213	225	224	217	221	213	229	161
159	219	213	223	233	222	211	207	190	183	167	139	128	125	113	88	60	34	22	20	15	13	13	26	22	32	37	20	78	173	179	176	172	156	151	133	135	129	132	140	133	140	141	147	132	134	136	136	135	134	131	127	122	117	114	125	121	116	119	135	150	144	131	162	158	169	190	199	195	191	193	195	202	188	191	204	196	188	186	179	177	177	177	179	182	186	188	183	181	178	175	175	177	180	182	176	183	173	174	158	161	136	122	114	99	75	85	123	149	173	196	205	201	204	203	201	211	215	199	182	189	187	186	196	188	192	213	207	216	218	209	203	206	209	206	204	213	211	213	224	223	216	221	220	225	167
180	227	229	209	208	217	221	194	178	175	175	163	145	116	84	84	59	35	23	21	15	15	17	37	29	33	34	17	77	173	179	165	161	146	143	127	131	125	129	140	132	139	140	147	131	133	135	136	136	136	133	127	120	112	108	99	120	134	127	117	121	134	144	152	159	173	189	194	190	190	194	195	199	200	193	194	189	175	181	190	187	182	177	174	173	174	175	182	181	179	178	178	180	182	183	179	185	175	175	158	160	136	121	109	75	80	76	120	170	170	212	204	200	204	203	202	212	216	200	197	180	175	175	210	200	199	195	205	214	216	208	203	206	209	207	204	214	213	214	223	220	215	221	228	222	168
201	214	215	221	223	230	197	190	175	167	166	163	151	125	100	80	58	36	24	20	16	18	23	42	32	37	37	20	79	170	172	158	155	140	138	124	130	125	129	128	138	137	136	131	140	134	126	135	135	135	132	125	116	107	101	118	131	138	135	133	141	148	150	153	159	172	187	196	197	196	196	198	195	208	194	187	186	165	172	169	170	172	173	174	173	172	172	178	178	178	179	179	181	182	183	186	184	188	169	173	155	145	122	111	103	61	86	129	146	185	193	202	199	203	203	202	213	217	202	186	181	186	188	200	191	197	203	202	212	214	207	202	206	210	208	203	215	216	215	221	217	212	221	229	221	168
228	249	219	216	202	237	207	175	182	185	177	161	140	123	118	75	56	37	26	20	18	22	30	40	30	37	41	26	81	166	161	155	153	139	138	124	131	127	131	129	144	134	145	127	146	131	129	131	131	129	125	119	111	103	98	115	118	117	118	128	140	139	130	160	163	171	186	204	211	205	195	211	192	198	192	192	195	166	155	136	143	153	163	169	171	170	168	173	175	176	178	180	181	181	182	189	187	192	173	178	161	151	128	120	84	78	77	122	167	166	199	200	197	202	202	202	214	219	203	185	182	182	198	193	197	195	201	200	209	212	206	202	206	210	209	203	217	218	216	219	213	210	220	221	225	179
236	231	204	235	226	239	185	173	186	191	185	172	142	113	105	71	54	37	27	21	18	24	36	36	24	32	39	26	81	163	155	157	154	139	138	124	131	126	131	139	141	131	154	138	144	130	139	127	125	120	115	109	104	101	99	111	129	141	135	127	132	144	152	161	165	172	185	205	218	211	195	211	195	200	200	194	191	171	152	107	115	129	143	154	160	162	163	166	168	172	176	178	178	178	177	182	190	181	183	168	171	149	135	105	98	50	82	133	153	196	197	200	196	201	202	203	215	220	205	194	178	169	197	197	211	198	189	197	207	210	204	201	206	211	209	202	218	221	217	217	210	207	220	217	225	192
239	233	217	228	213	220	198	193	189	169	158	161	146	119	111	68	53	37	29	21	18	27	40	35	20	24	31	21	79	164	157	157	154	138	137	122	128	122	126	135	129	133	139	141	130	129	132	123	117	109	102	98	97	98	100	107	116	120	118	121	131	135	133	152	163	174	184	200	214	210	197	205	200	202	208	195	184	179	156	81	87	99	115	133	151	164	171	160	163	168	173	176	176	175	174	173	182	174	178	165	170	148	135	123	94	68	78	126	160	172	189	198	195	200	202	203	216	221	206	181	176	190	205	192	190	199	200	195	205	209	203	201	206	211	210	202	219	223	218	215	207	206	219	225	217	187
234	209	219	232	221	205	193	171	176	167	161	166	147	118	111	67	52	38	29	21	19	29	42	37	19	18	22	13	76	165	161	156	152	137	134	120	124	118	122	119	119	136	112	132	118	129	112	120	112	103	95	91	93	98	102	108	119	125	122	122	130	137	138	142	162	177	183	193	206	208	198	213	201	190	207	204	193	187	147	94	92	93	99	111	127	143	154	156	160	166	171	174	174	173	172	167	168	175	162	171	158	152	132	112	96	54	80	133	158	188	193	198	194	200	202	203	216	222	207	192	169	184	194	205	197	205	187	194	204	208	203	201	206	211	210	202	220	224	218	215	205	205	219	237	206	171
223	221	198	225	199	209	190	175	168	166	166	147	152	117	117	101	36	43	25	10	27	26	44	30	28	31	40	12	79	160	151	144	149	136	115	119	134	123	96	127	117	125	135	130	133	133	115	107	110	101	81	84	69	64	131	134	127	115	110	108	115	119	125	132	131	157	165	166	166	161	182	203	172	188	185	212	197	193	150	81	67	67	82	78	113	136	137	139	149	159	162	167	174	173	167	160	162	163	163	160	153	145	140	120	96	46	76	149	170	176	185	199	201	204	205	206	204	202	200	191	178	183	199	196	199	200	195	194	197	201	205	208	208	209	208	201	220	204	220	204	220	204	223	200	217	193
235	213	234	218	224	197	191	190	180	177	171	152	152	117	115	91	53	46	34	12	14	33	54	28	18	24	34	14	74	161	159	143	146	136	117	114	122	118	105	123	120	133	134	117	112	115	105	97	86	88	80	74	69	76	120	123	99	104	76	111	93	114	102	128	123	137	137	150	168	163	168	171	163	192	187	197	173	175	148	99	80	58	75	81	95	104	130	131	142	151	155	161	168	168	161	166	168	169	169	164	157	150	146	125	103	52	72	132	155	179	203	197	199	203	205	207	205	204	203	191	176	186	196	200	196	202	194	194	197	201	205	208	208	209	208	205	211	219	204	221	206	214	220	218	228	196
230	229	218	231	212	211	198	190	177	173	161	142	137	104	100	91	69	44	38	22	13	39	59	35	14	21	27	16	59	151	159	144	141	132	118	109	108	112	114	115	116	126	125	109	102	102	94	84	61	71	77	66	71	86	105	91	99	107	93	82	77	99	117	93	109	130	128	134	153	156	158	160	154	180	180	196	180	180	156	116	102	62	60	69	71	69	108	118	129	139	144	151	159	159	154	156	158	159	159	155	148	140	135	133	102	48	70	133	160	182	198	194	197	201	205	208	208	208	207	192	174	190	193	206	193	204	193	194	197	201	205	208	208	209	208	207	209	224	200	227	203	217	220	228	231	193
233	220	230	214	220	203	204	183	170	171	160	151	149	124	121	103	72	42	34	33	30	39	59	49	18	21	24	19	41	133	149	148	134	120	114	107	102	105	114	110	105	106	110	111	108	99	87	76	59	63	73	72	76	86	93	77	77	66	71	65	78	79	86	89	83	90	114	148	163	133	100	70	88	128	140	155	151	171	175	138	134	96	71	54	60	64	89	107	119	130	136	144	154	155	150	159	161	163	162	158	151	143	138	121	93	53	87	148	169	180	182	192	195	200	205	209	210	210	210	191	172	194	192	212	192	206	191	194	197	201	205	208	208	209	208	205	218	213	214	214	215	211	223	224	222	183
217	227	232	224	213	196	189	190	174	176	157	150	143	120	116	110	66	55	34	33	42	34	66	51	21	21	25	22	36	122	143	151	126	106	107	108	101	99	105	102	102	100	102	107	102	90	83	72	73	66	73	85	82	79	86	76	58	67	45	79	64	81	68	85	70	70	102	130	124	93	61	36	32	52	97	166	190	180	154	165	155	134	107	56	57	73	86	98	111	123	130	139	151	153	148	154	156	158	157	153	145	139	134	97	85	69	107	152	164	179	185	193	195	201	205	209	210	211	210	190	172	195	194	214	193	206	190	194	197	201	205	208	208	209	208	205	222	209	221	209	221	208	225	219	217	178
201	238	211	232	192	201	185	188	168	171	147	144	133	114	109	107	63	69	40	25	37	33	75	42	23	20	29	25	44	120	143	146	121	102	103	108	101	95	96	92	104	105	100	96	84	75	79	70	84	74	81	93	85	81	82	74	71	79	65	75	65	79	79	70	73	75	89	82	63	69	75	65	101	139	168	190	187	183	188	172	148	139	130	68	51	64	80	87	100	113	121	133	145	148	143	141	143	145	143	140	133	126	121	96	79	65	107	152	169	188	189	195	198	203	206	209	209	209	208	188	173	194	200	213	197	204	189	194	197	201	205	208	208	209	208	207	219	217	214	218	215	213	225	223	222	182
214	215	231	199	210	187	195	181	162	171	149	155	148	137	134	107	64	64	46	24	30	44	69	39	32	23	37	26	52	113	136	133	119	107	104	104	97	92	91	79	94	94	89	89	77	67	75	67	77	81	94	90	85	94	78	81	73	56	68	67	82	68	62	73	69	52	60	71	78	100	102	145	170	184	193	201	190	174	178	165	151	135	131	91	68	58	73	74	88	102	112	124	137	141	137	143	145	147	145	143	135	128	123	97	72	57	104	155	178	196	191	199	201	205	207	209	208	207	205	186	176	191	206	210	201	201	189	194	197	201	205	208	208	209	208	209	217	221	210	223	212	217	225	222	226	188
205	227	234	216	207	188	186	200	178	178	146	144	127	110	104	111	67	46	47	28	31	55	55	43	43	31	45	23	53	104	124	122	119	114	107	100	92	89	90	69	78	72	74	91	86	70	71	64	65	84	104	82	82	107	73	80	79	97	73	82	60	80	82	50	67	58	61	72	98	142	153	171	184	177	178	186	185	175	186	164	173	146	132	118	103	71	75	66	80	94	103	116	130	134	130	133	134	137	137	132	125	117	113	81	68	66	115	154	172	198	200	202	203	206	208	208	206	204	203	185	177	188	210	207	205	199	189	194	197	201	205	208	209	209	207	208	220	218	215	219	216	214	226	217	224	189
214	227	222	206	198	190	213	179	177	168	156	142	146	114	128	130	64	55	36	36	28	32	35	67	46	38	23	44	40	79	112	119	115	97	101	88	96	83	82	78	83	87	81	72	63	65	68	83	86	89	92	93	92	91	90	87	92	74	88	63	78	62	69	57	76	67	61	89	110	140	187	174	176	188	181	189	179	190	189	186	163	140	128	119	105	88	78	77	66	87	102	95	116	135	113	133	126	118	119	131	136	118	93	78	39	55	136	164	164	192	188	210	199	208	204	209	212	190	189	182	189	198	205	208	206	201	197	195	198	202	204	206	208	207	206	209	207	228	207	225	203	224	222	215	214	175
207	227	221	212	195	185	198	181	173	174	143	148	129	112	116	133	68	49	27	29	30	42	51	52	49	32	38	31	47	74	126	120	105	108	84	101	82	90	78	78	86	79	84	65	71	65	74	82	84	87	90	91	91	89	88	77	87	77	96	76	87	69	72	74	99	109	116	130	134	142	164	176	183	188	191	184	182	179	180	187	179	169	160	146	126	107	97	82	66	81	100	101	110	121	112	122	122	119	116	121	123	109	91	85	49	73	145	173	178	198	200	209	200	208	205	208	210	191	188	182	188	198	205	208	206	200	196	195	198	201	204	207	208	207	206	211	209	222	209	223	210	223	220	221	205	197
217	243	225	219	191	196	207	181	175	171	141	144	122	107	108	121	73	56	42	43	36	35	34	60	66	46	46	25	33	56	115	115	108	96	94	88	90	83	80	80	88	71	84	59	78	68	81	82	84	87	90	91	91	89	88	86	89	76	92	87	117	123	139	114	129	142	149	152	153	157	169	189	194	183	187	172	184	184	195	176	177	174	162	143	123	107	98	89	74	76	92	102	103	106	111	111	117	118	113	110	109	100	88	81	51	86	145	172	183	193	200	206	201	208	206	207	207	192	188	184	190	199	206	208	205	200	195	195	198	201	204	207	208	207	206	214	212	212	213	219	220	221	218	213	226	188
211	224	197	204	179	194	194	176	181	159	152	135	130	105	112	138	93	55	33	28	25	27	29	55	59	51	36	39	30	61	117	111	109	89	99	81	95	80	82	84	86	70	79	62	78	74	85	84	86	90	93	94	93	93	91	89	94	89	105	104	126	129	138	140	143	148	150	148	156	170	178	192	192	183	181	169	177	180	190	188	187	177	160	142	128	113	101	93	90	78	76	92	99	100	112	110	115	116	110	107	106	95	83	73	54	98	145	170	187	187	198	203	203	207	208	206	203	193	189	186	192	200	207	208	205	199	194	195	198	201	204	207	208	207	206	216	214	205	217	216	228	219	217	216	213	201
225	223	198	218	199	210	191	171	180	156	154	139	133	114	119	137	104	54	32	25	23	21	21	57	63	46	36	42	36	56	111	113	100	103	83	99	83	92	82	89	84	75	72	71	76	80	84	88	91	94	97	98	97	96	95	108	112	109	118	119	135	139	146	155	158	163	166	166	169	175	179	186	191	205	202	206	193	195	192	199	196	182	165	153	142	118	93	90	106	88	64	78	98	104	113	116	117	113	109	110	109	95	78	70	68	115	152	176	194	192	202	200	205	207	209	205	198	194	189	188	194	202	208	209	204	197	193	195	198	201	204	207	208	207	206	216	216	204	220	214	230	218	218	207	231	180
220	223	201	203	181	194	179	171	174	162	144	151	123	124	118	123	107	56	43	36	32	22	16	60	78	39	49	32	45	39	106	113	105	99	92	96	92	92	87	92	84	79	73	77	77	80	78	87	90	93	96	97	96	95	94	124	121	115	115	119	133	145	155	138	142	143	143	148	147	146	150	148	157	181	185	205	201	216	217	190	194	188	176	168	155	121	83	82	112	103	71	74	96	107	113	118	118	114	109	110	110	94	77	59	79	121	154	177	191	193	197	197	207	207	211	205	193	195	190	190	196	203	208	209	204	196	191	195	198	201	204	207	208	207	206	214	217	208	221	214	227	218	221	223	203	210
236	231	215	200	186	200	190	171	176	159	142	147	116	118	110	144	128	57	36	27	32	30	32	38	70	36	51	32	48	47	125	113	113	92	106	88	106	90	94	93	89	78	82	78	83	74	71	81	83	87	90	92	91	89	88	96	99	103	103	101	94	89	84	84	91	83	81	98	100	97	110	98	105	117	125	139	153	172	183	174	188	191	178	169	158	128	92	69	105	115	94	84	94	104	112	112	119	119	111	105	101	90	79	51	89	125	158	179	187	197	193	195	209	206	212	204	190	196	190	192	197	204	209	209	203	196	190	195	198	201	204	207	208	207	206	211	216	216	221	215	220	219	225	227	217	200
235	202	194	194	198	202	177	170	183	148	150	132	117	105	102	148	141	71	53	40	37	24	18	40	72	55	47	38	30	44	122	117	105	106	93	105	95	101	94	93	93	75	91	75	90	69	67	76	78	81	84	85	85	84	83	78	76	76	72	75	72	75	74	57	74	68	71	99	102	94	112	99	106	103	113	101	113	112	122	142	161	165	148	136	131	113	87	61	96	122	115	96	91	100	111	105	118	124	112	98	91	86	81	57	105	136	169	190	195	210	201	193	209	206	213	204	188	197	190	193	198	205	209	209	203	195	190	195	198	201	204	207	208	207	206	209	216	221	221	216	215	220	227	237	217	203
228	227	212	202	198	198	197	173	182	149	147	146	122	100	87	120	161	80	59	35	28	26	45	66	72	67	43	44	33	63	107	134	92	104	109	95	96	99	114	94	97	94	90	95	99	81	56	50	28	18	20	30	59	71	51	55	53	39	57	60	47	61	57	67	65	73	72	67	85	101	88	75	95	63	88	67	82	71	55	86	63	78	49	36	34	63	98	67	93	122	131	116	134	119	132	110	125	120	116	122	100	70	68	44	130	153	169	185	203	205	203	205	209	211	208	200	194	191	192	189	202	210	206	202	203	201	196	198	190	203	201	209	218	202	205	212	207	221	218	220	227	216	222	221	226	200
215	217	205	190	188	192	185	174	180	149	146	146	121	101	86	112	160	91	66	39	31	24	35	44	76	82	44	43	45	63	75	122	96	96	99	96	97	96	101	99	100	95	89	94	99	85	64	24	12	11	12	14	33	62	68	75	69	76	73	65	65	59	49	34	30	41	47	48	64	81	75	101	104	103	121	105	115	107	127	94	102	57	13	20	23	22	71	72	96	123	131	118	135	121	132	116	134	115	102	115	94	65	77	71	137	154	172	183	196	197	194	205	209	211	208	200	194	191	192	190	202	210	207	203	203	201	196	198	193	199	202	209	214	206	204	212	208	221	218	220	227	217	223	240	218	200
211	217	208	188	190	197	182	175	177	151	146	145	119	103	84	110	161	102	66	35	31	27	31	61	59	66	59	54	24	40	76	109	114	102	99	107	107	104	97	106	104	95	90	94	99	90	76	39	19	14	16	12	26	68	100	119	112	138	121	105	119	100	86	74	69	81	98	106	119	134	138	164	159	185	183	173	166	140	155	116	117	34	7	15	20	22	79	83	101	124	128	121	138	125	132	116	110	124	128	104	90	77	54	101	137	151	175	181	193	195	192	205	209	211	208	200	194	191	192	190	203	211	207	203	204	202	197	197	199	194	203	210	209	211	203	213	209	222	219	221	228	218	224	219	219	213
210	218	212	189	194	203	180	176	173	153	145	145	116	106	82	112	162	113	61	27	28	32	36	50	65	76	51	43	31	42	47	82	126	112	102	112	108	109	100	113	105	96	92	94	98	95	89	68	33	12	10	10	16	61	109	132	126	149	144	130	141	137	125	134	131	141	163	175	183	195	207	195	193	210	191	196	184	157	137	119	100	34	22	36	75	116	130	99	106	128	126	127	141	129	132	127	136	113	92	94	80	68	85	123	134	146	176	182	196	198	198	204	209	211	208	200	194	191	192	191	204	212	208	204	205	203	197	197	203	190	202	210	205	215	203	215	210	224	221	223	230	219	225	237	211	214
205	212	207	186	192	200	174	178	169	154	145	145	113	110	79	104	154	124	70	31	28	32	34	38	56	81	67	55	35	33	21	43	116	118	100	102	97	102	101	113	105	97	95	96	96	97	98	85	50	20	13	11	13	59	121	110	111	113	129	120	113	133	133	134	134	141	161	175	177	184	197	175	179	178	167	186	173	186	162	147	127	69	40	86	140	174	137	114	113	130	122	131	144	134	132	123	109	125	125	89	82	86	64	142	142	150	176	183	197	193	199	204	209	211	208	200	194	191	192	192	205	213	209	205	206	204	198	199	203	189	201	208	204	216	205	216	212	225	222	224	231	220	226	238	210	217
210	212	206	192	197	199	177	179	165	156	144	145	111	113	77	85	137	136	91	49	32	28	27	52	43	69	78	64	25	24	27	20	102	126	104	100	98	101	108	110	102	97	98	97	94	96	102	81	66	48	35	20	15	60	130	112	123	113	132	131	112	138	148	131	139	143	154	170	172	172	183	180	191	194	208	218	191	218	214	176	143	90	82	158	167	156	143	129	119	133	120	136	147	138	131	128	141	114	87	90	79	77	108	155	157	163	178	184	196	182	194	204	209	211	208	200	194	191	192	193	206	214	210	206	206	204	199	202	201	192	198	205	207	213	208	217	213	227	223	225	233	222	228	221	218	220
216	210	202	198	200	196	179	180	162	158	144	144	109	115	76	75	124	141	103	60	32	26	29	45	59	81	59	45	40	45	17	14	84	128	108	102	108	104	113	105	98	96	101	99	91	93	102	74	74	65	54	39	21	45	99	105	129	129	131	140	131	135	157	144	162	165	168	186	191	188	194	194	201	219	229	229	202	198	195	146	118	114	144	183	173	153	169	140	124	134	117	139	149	142	131	122	126	122	109	93	85	91	101	152	167	173	178	186	200	177	197	204	209	211	208	200	194	191	192	194	207	214	211	207	207	205	200	205	196	196	194	202	211	209	211	218	214	228	224	226	234	223	229	243	216	211
208	198	189	190	192	182	171	180	160	159	143	144	107	116	76	77	118	139	103	60	29	28	40	49	44	73	79	64	36	33	19	8	64	118	102	97	109	97	105	102	94	96	103	100	90	92	103	98	99	89	83	75	49	46	75	61	95	114	98	116	125	105	134	135	159	161	160	179	189	184	186	172	169	187	175	173	175	143	129	124	126	178	194	147	165	161	145	146	126	134	116	141	151	144	131	123	141	118	92	96	87	88	123	140	166	175	176	190	207	183	208	204	209	211	208	200	194	191	192	194	207	215	211	207	207	206	200	207	193	199	192	200	215	205	213	219	215	228	225	227	234	223	229	225	224	213
210	210	191	203	186	183	184	181	165	152	141	136	107	109	75	71	90	136	129	57	26	38	33	46	66	59	68	53	44	15	16	4	18	122	112	104	108	110	107	100	100	103	104	104	102	100	98	101	85	98	86	84	72	84	68	89	90	104	113	101	116	121	102	132	141	123	143	126	122	133	142	147	136	134	144	151	152	153	161	188	191	190	179	166	159	163	169	144	141	126	133	128	143	137	142	120	116	108	97	86	90	114	139	165	167	179	179	187	185	180	215	208	214	198	202	198	187	197	188	191	215	213	215	210	215	201	205	201	189	184	194	206	210	213	217	218	218	231	237	228	229	234	229	229	217	208
219	197	201	193	190	179	185	188	173	153	145	131	105	102	68	77	81	118	136	87	35	35	57	50	61	67	59	63	38	20	13	2	9	72	114	109	98	97	105	98	98	101	102	104	102	101	99	91	88	85	91	78	85	81	80	100	97	95	104	109	107	108	122	148	133	135	124	149	133	162	164	185	210	223	214	209	216	220	216	208	181	153	147	159	173	174	168	143	135	127	121	126	127	128	126	116	116	111	96	82	88	117	148	182	169	176	177	187	190	180	199	211	211	202	200	196	190	193	189	193	216	213	215	209	214	200	205	200	190	185	195	207	210	213	217	227	217	222	231	232	237	237	222	235	223	224
223	191	202	194	184	183	182	174	164	142	147	129	116	110	82	83	72	94	139	126	51	31	83	56	56	77	50	73	34	24	11	12	7	24	113	121	103	95	112	97	98	101	102	104	103	101	101	92	86	98	75	99	76	87	82	114	116	100	96	115	109	111	137	148	132	127	137	148	165	166	179	198	184	174	175	179	177	168	161	150	164	178	178	167	158	160	165	157	143	140	122	133	123	128	122	112	115	110	92	79	91	127	159	178	167	184	183	178	185	187	204	215	208	206	197	192	193	187	191	195	218	214	214	208	213	200	205	198	190	188	198	208	210	213	218	222	219	228	234	227	230	236	229	225	215	213
219	196	191	205	172	191	177	179	171	143	151	124	115	102	75	85	71	76	130	148	67	29	89	62	56	80	49	75	37	23	10	14	2	5	83	114	111	98	108	96	97	100	103	104	104	103	101	100	96	105	74	104	72	80	77	105	112	102	82	97	102	111	116	110	102	105	125	119	144	124	143	141	133	134	141	137	131	137	154	157	162	168	171	168	165	162	159	168	155	147	131	134	126	126	121	113	111	101	84	81	105	140	166	169	160	185	183	172	187	201	216	219	206	210	193	188	194	183	192	199	220	214	213	207	212	200	205	196	191	192	202	209	209	212	219	220	220	231	234	224	226	236	234	219	222	220
217	194	190	203	170	190	175	177	169	141	150	124	115	102	77	83	77	70	113	145	82	35	78	67	60	77	55	70	48	17	10	6	0	8	30	81	104	98	91	94	96	100	102	105	105	104	103	97	113	86	101	80	96	68	84	85	76	86	70	72	74	92	76	106	91	121	105	121	109	112	123	105	124	137	137	140	154	157	153	182	171	161	162	168	171	165	156	165	157	139	135	124	128	118	117	112	105	89	76	89	123	154	165	176	160	176	175	176	200	208	210	222	208	209	192	185	192	182	191	203	223	215	212	205	211	200	206	193	191	196	206	210	209	212	220	230	219	221	227	227	235	238	228	222	221	210
218	187	199	190	181	179	177	167	158	138	144	128	118	112	86	80	81	72	97	129	95	53	66	71	63	74	60	66	57	13	10	7	0	22	5	52	82	106	90	93	95	99	103	105	106	106	105	94	104	85	102	83	100	80	91	83	57	77	74	72	56	77	63	77	71	81	76	76	72	80	96	111	109	110	121	141	154	154	145	164	176	187	186	173	161	156	155	163	157	137	138	124	133	121	122	107	99	82	73	98	139	165	165	177	172	184	173	173	196	202	210	224	213	206	191	184	186	184	189	207	226	216	211	204	210	199	206	191	192	199	209	212	208	212	221	229	220	224	228	224	230	238	232	243	234	221
213	191	196	187	185	173	178	178	164	147	141	130	108	105	74	78	79	76	90	114	105	76	65	75	64	76	60	67	60	12	9	16	6	23	5	34	47	111	99	92	94	99	103	105	107	106	105	100	93	100	93	95	88	94	87	89	72	86	74	87	62	75	71	68	75	57	88	73	89	88	102	114	114	126	143	147	148	169	199	181	177	173	171	169	167	162	157	157	149	136	131	128	131	127	126	95	95	84	77	102	146	170	169	168	179	191	171	171	192	199	220	224	219	201	192	185	180	188	187	210	227	216	211	203	209	199	206	189	193	202	212	213	208	212	222	224	222	230	230	219	223	237	239	217	214	213
203	203	183	196	179	175	177	170	154	144	136	135	110	114	81	79	75	77	89	106	111	93	70	78	62	79	57	70	60	13	8	16	6	6	7	16	10	103	101	92	94	99	103	105	106	107	106	109	103	97	108	81	92	86	81	83	91	92	58	87	69	74	72	62	63	65	84	111	96	114	103	129	137	142	147	159	172	173	164	175	174	172	169	166	164	163	161	143	131	128	113	124	117	123	118	85	93	89	81	102	146	173	174	167	175	177	161	180	207	206	223	224	223	198	193	185	176	190	185	211	228	217	211	202	208	199	207	188	193	203	214	213	207	212	223	232	221	221	225	223	232	239	232	230	223	208
197	196	201	196	181	176	180	167	175	139	151	136	115	113	87	87	77	76	93	83	118	109	66	77	72	69	58	54	53	64	10	2	4	2	3	5	5	23	72	95	99	100	94	84	90	107	120	97	106	112	99	108	95	99	109	99	94	108	104	105	112	101	108	115	108	112	117	114	121	133	129	138	141	150	157	162	164	164	163	178	178	176	172	167	165	165	165	143	127	147	131	128	132	95	98	94	78	91	116	127	174	166	160	163	174	166	161	189	209	215	222	212	208	195	200	182	185	184	200	207	220	221	209	206	212	206	191	190	192	213	210	210	219	215	229	228	227	219	229	225	226	249	240	222	238	214
199	199	198	193	184	178	177	164	175	134	153	127	114	105	85	89	74	75	82	78	110	116	86	82	75	71	60	53	50	61	10	9	12	14	14	9	4	15	44	79	94	99	98	103	105	103	102	101	107	110	99	112	101	104	110	109	105	118	115	117	123	114	119	128	121	126	131	128	136	146	143	152	155	159	164	168	170	171	173	180	176	171	169	167	166	163	158	146	128	143	126	121	125	92	95	71	72	93	101	151	170	182	183	172	175	174	162	196	199	210	215	208	200	195	189	183	175	184	196	209	220	221	209	206	211	206	191	191	193	212	210	212	220	216	228	228	226	219	228	224	227	249	240	216	229	219
202	202	195	191	187	181	174	169	163	152	131	141	94	110	80	101	80	79	73	72	91	114	100	88	79	74	63	53	46	57	10	4	2	10	12	3	2	6	9	61	90	96	90	101	106	102	107	105	107	108	98	119	110	110	111	122	119	130	130	132	137	131	133	146	139	145	149	146	154	165	161	171	171	171	172	174	177	180	182	180	175	170	168	168	167	160	154	149	131	137	118	112	116	89	92	76	81	82	101	163	165	168	168	158	152	164	160	202	197	217	223	217	204	205	190	194	179	196	205	211	222	221	208	204	210	205	191	192	195	209	211	214	220	218	227	229	224	221	228	224	229	247	241	223	224	221
206	204	193	189	189	183	172	169	173	144	147	123	109	101	88	115	90	89	73	72	72	100	99	95	84	78	66	52	40	54	12	3	3	1	5	0	1	4	5	30	78	93	84	93	96	97	118	107	106	105	99	124	118	116	115	128	130	137	140	143	146	143	145	160	153	158	163	159	168	178	174	185	183	179	177	176	180	183	187	179	178	177	174	169	164	159	155	152	133	132	112	105	107	87	90	74	62	48	120	165	176	166	158	168	159	167	177	204	200	211	219	205	194	191	180	180	171	186	198	214	224	222	207	202	208	204	191	194	197	206	211	217	221	222	225	230	222	223	227	223	231	245	242	232	218	216
206	204	193	189	189	183	172	176	163	168	129	144	95	116	94	118	93	92	79	78	64	88	98	100	86	80	69	52	36	52	17	10	3	3	4	1	5	10	5	10	58	79	84	99	96	89	106	105	104	104	100	126	121	121	120	128	133	137	144	147	147	150	149	165	157	163	168	165	173	182	178	188	186	182	179	177	181	184	187	177	182	185	181	170	162	158	157	147	130	123	105	99	99	84	85	74	44	56	152	171	172	174	154	170	165	168	198	204	217	216	225	215	207	194	195	183	187	195	213	218	226	222	205	200	207	204	191	196	200	203	212	220	222	225	223	231	220	225	226	222	233	243	243	228	208	207
203	202	195	191	187	181	174	170	173	152	151	121	118	107	109	116	91	83	84	83	68	82	103	103	86	81	72	53	33	53	25	18	8	3	3	2	0	2	4	34	51	57	70	95	95	88	97	98	101	105	101	124	120	122	126	125	133	133	142	147	144	152	148	164	156	163	166	164	171	181	177	184	182	182	181	181	182	183	184	177	180	182	179	171	162	155	150	132	119	109	96	90	88	77	75	65	44	109	173	179	155	175	149	148	151	155	197	193	222	218	223	203	197	180	185	168	179	185	207	221	228	222	204	198	205	203	191	198	203	200	212	223	223	229	221	232	218	227	225	221	235	241	242	225	209	205
200	199	198	194	184	179	177	165	160	158	137	127	109	113	112	126	96	75	86	80	69	74	104	103	85	80	73	53	32	54	32	9	5	2	5	7	1	0	13	74	59	50	65	84	84	85	96	90	99	107	100	121	114	122	130	122	132	129	142	147	143	154	148	162	154	161	164	161	169	179	175	179	180	182	185	185	185	184	183	180	173	166	169	172	167	150	132	111	103	93	84	80	75	66	61	36	54	140	173	172	158	162	136	150	155	164	193	188	214	211	201	212	202	190	186	179	183	197	216	224	230	222	203	197	204	202	191	199	205	197	213	225	224	231	220	232	217	229	225	221	236	240	243	222	215	208
198	196	201	197	181	177	180	156	162	145	144	112	117	106	116	142	107	72	86	74	65	64	99	102	84	80	74	54	32	55	36	3	3	3	15	25	10	9	36	86	65	64	82	85	73	76	91	85	98	108	101	118	111	121	133	121	133	128	142	147	143	155	148	161	154	160	164	160	168	178	175	177	180	183	187	190	189	186	184	184	164	151	157	173	171	145	117	96	90	80	76	72	65	58	50	36	88	152	170	149	161	116	90	151	158	179	197	205	229	237	218	208	193	190	175	180	174	196	211	225	231	222	203	196	203	202	191	200	205	196	213	226	224	232	219	233	216	230	224	220	237	239	244	212	215	212
194	191	196	196	187	179	178	174	171	151	141	150	102	140	122	120	106	90	76	61	58	79	106	113	85	86	63	55	28	68	37	27	2	16	2	9	1	9	88	93	62	54	60	61	73	89	87	93	109	103	95	106	111	106	108	122	127	123	134	128	139	135	140	142	147	141	153	149	164	163	170	171	179	176	190	179	185	172	172	165	170	154	156	173	138	92	91	88	87	76	58	54	59	52	38	27	98	177	156	182	131	95	109	160	175	168	201	201	206	213	215	210	195	196	194	158	170	179	214	229	221	213	208	207	206	202	198	207	210	207	202	214	231	231	220	228	222	225	231	220	225	233	234	220	208	173
201	195	197	194	182	172	169	168	161	147	145	140	125	134	137	114	99	88	88	83	73	74	84	88	82	80	78	42	36	65	55	21	3	11	5	8	6	19	96	89	66	63	72	71	74	77	69	99	92	91	103	109	99	98	114	117	121	118	128	122	133	129	134	134	134	137	137	145	149	156	159	155	164	164	176	166	170	155	153	158	168	159	143	132	103	81	92	79	76	63	50	51	57	50	35	46	130	169	153	153	114	107	128	152	167	168	197	206	211	223	222	217	200	200	195	162	177	189	223	229	221	212	208	207	206	202	198	204	207	206	204	216	231	232	222	226	226	228	223	214	229	239	230	206	200	181
191	189	195	197	189	182	181	181	168	152	153	127	137	113	130	128	105	86	82	77	70	78	95	97	86	78	77	46	42	52	38	26	5	9	8	5	7	26	97	94	71	62	67	68	72	76	73	86	86	92	94	93	100	105	101	110	114	110	120	114	124	119	124	124	121	128	120	137	132	146	145	149	155	155	163	158	162	156	156	156	161	150	121	93	78	77	83	70	61	49	42	48	56	48	34	48	141	150	139	114	86	98	120	163	176	181	196	209	203	217	208	208	189	189	178	151	170	187	219	228	221	212	207	206	205	201	197	198	203	206	209	220	232	233	226	226	229	230	213	210	231	244	226	195	177	185
198	193	197	195	184	175	173	173	161	143	152	131	145	124	139	119	106	100	100	83	64	73	98	103	84	86	67	60	39	49	28	37	20	12	13	2	5	33	93	90	70	57	62	69	75	80	83	78	81	90	87	81	98	107	90	105	108	104	113	106	115	110	115	117	115	119	115	126	125	135	135	147	149	148	153	152	158	160	162	149	136	121	95	73	75	78	62	63	51	40	40	51	59	52	41	78	147	146	117	94	84	102	129	154	169	182	192	216	209	228	214	212	192	192	175	157	179	202	228	228	220	212	207	206	205	201	197	193	199	207	215	224	231	232	229	230	225	226	210	213	228	243	226	195	152	182
198	193	197	195	184	175	173	173	163	140	147	143	137	137	136	132	111	100	99	82	61	75	107	84	79	91	72	57	43	53	53	39	25	13	13	3	5	51	98	83	71	61	68	79	78	74	76	85	68	77	93	86	83	91	94	98	102	97	105	98	106	101	105	111	113	108	115	112	122	123	128	136	138	144	144	145	139	136	133	116	97	87	73	61	71	72	46	63	50	42	47	58	63	60	55	117	133	125	72	68	84	106	145	152	172	186	193	217	212	231	211	206	187	190	168	159	184	209	229	227	220	211	206	206	204	200	196	190	196	209	222	229	229	229	230	235	216	221	213	222	223	238	226	186	143	174
191	189	195	197	189	182	181	183	167	146	143	150	130	137	127	157	117	88	86	79	65	81	114	95	95	83	82	48	60	43	56	31	19	10	7	8	6	79	112	99	85	64	61	72	70	67	76	82	76	80	85	82	83	86	86	89	92	86	94	86	94	88	93	101	105	96	107	98	112	108	116	125	128	141	137	137	115	102	88	72	63	65	62	50	55	59	43	63	54	51	58	63	64	66	70	122	106	93	48	57	84	102	143	157	183	192	199	213	213	224	202	193	175	183	158	158	183	209	221	227	220	211	206	205	204	200	196	189	196	212	228	232	226	224	228	234	210	219	215	231	222	235	221	156	142	173
201	195	197	194	182	172	169	175	149	145	137	150	147	142	143	144	111	97	108	100	73	73	98	116	107	83	79	49	68	38	51	30	17	12	3	14	5	97	119	111	93	59	48	62	65	69	88	76	91	88	75	78	87	84	76	77	80	74	81	73	80	74	78	86	86	83	85	85	90	92	95	104	104	114	105	107	84	77	63	54	50	57	61	52	48	53	55	63	57	59	66	65	60	67	81	120	102	71	61	66	94	117	157	143	177	184	202	212	227	234	212	194	178	192	165	172	197	222	227	227	219	210	206	205	203	199	195	191	198	216	234	235	222	219	225	226	210	224	213	234	227	237	210	116	131	182
194	191	196	196	187	179	178	187	148	156	138	143	155	125	139	143	116	105	111	92	62	73	111	104	98	96	71	57	59	53	74	37	21	18	3	17	2	102	115	99	86	58	50	70	72	72	90	87	88	80	82	89	77	70	84	68	71	65	72	63	70	64	68	74	69	75	66	77	71	81	80	79	71	75	59	66	53	61	56	60	52	54	63	63	56	58	64	60	58	63	70	64	56	66	86	113	99	37	56	47	79	122	167	150	186	188	206	207	226	225	204	183	169	186	159	169	194	217	218	226	219	210	205	205	203	199	195	192	199	218	237	236	220	215	223	219	212	230	210	234	233	241	201	89	113	193
205	201	195	191	188	187	186	172	167	157	148	143	142	143	144	137	128	113	87	101	61	87	94	106	111	91	79	58	42	57	58	43	22	4	6	8	2	101	104	107	107	55	49	54	80	65	97	82	82	82	83	83	84	84	84	84	77	57	65	65	57	77	85	69	64	67	65	55	70	50	61	58	56	34	57	51	47	53	52	51	65	54	60	66	71	60	74	61	68	68	77	51	81	66	93	104	90	71	58	67	70	127	139	165	171	189	220	208	221	216	205	190	170	187	191	185	196	210	234	215	211	207	207	209	207	202	196	201	208	218	226	229	225	218	213	221	210	225	226	220	248	233	160	126	115	135
204	201	198	193	189	185	183	172	167	157	149	143	142	143	144	145	126	116	112	100	80	109	108	102	106	87	74	54	38	52	54	49	35	7	19	7	7	104	118	102	108	63	48	68	61	74	88	82	82	83	83	84	84	84	84	72	83	77	85	84	75	79	68	63	63	59	61	50	58	47	52	49	70	62	60	42	49	57	60	56	69	58	64	69	75	64	77	78	59	74	56	79	79	81	80	102	55	49	67	76	79	143	156	168	175	193	222	212	223	217	207	190	171	187	190	186	199	211	232	216	211	207	207	208	207	202	197	203	209	218	226	229	225	218	214	232	223	226	221	216	240	225	157	128	115	114
202	203	201	197	190	184	179	173	168	158	150	144	143	144	145	137	143	108	111	109	88	91	118	109	114	94	82	61	45	60	61	36	32	6	25	6	17	112	142	99	110	58	52	67	54	77	79	83	83	83	84	84	85	85	85	70	85	74	70	68	67	75	58	72	77	64	72	60	62	58	57	61	56	45	44	45	67	52	44	65	73	66	72	73	80	72	81	67	74	89	79	68	69	76	95	87	76	51	48	84	100	134	153	172	181	198	221	216	223	216	207	189	172	188	190	187	203	213	229	217	212	207	206	208	207	203	198	206	211	219	225	228	224	219	214	213	220	225	225	228	238	209	138	118	89	68
200	203	203	199	190	182	176	174	169	159	150	145	144	145	146	156	123	115	132	90	76	103	97	98	103	84	71	51	35	49	50	31	29	9	19	5	10	103	141	103	104	43	52	49	70	69	79	84	84	84	85	85	85	86	86	92	98	78	71	68	68	84	76	67	77	57	70	58	54	57	51	53	44	52	56	46	57	46	70	74	79	74	81	77	85	79	85	81	81	79	82	77	84	79	84	74	48	57	64	64	113	167	154	173	183	199	216	218	218	210	202	189	174	189	190	189	208	215	225	219	213	207	205	206	207	204	201	210	214	220	225	227	224	219	215	199	220	226	234	243	245	210	136	111	67	45
200	203	203	198	190	181	175	175	169	160	151	146	144	146	147	149	140	116	119	117	78	87	110	109	114	94	82	61	45	60	61	42	36	24	14	11	3	86	121	106	79	37	34	38	83	64	82	85	85	85	86	86	86	87	87	89	90	79	89	86	70	76	72	69	79	61	74	61	58	63	57	59	51	61	69	61	75	66	91	82	84	80	89	80	89	85	87	87	78	95	71	97	69	89	76	60	61	53	62	89	111	134	180	171	183	198	208	217	210	201	196	188	175	191	190	191	213	218	221	221	214	207	204	205	207	205	203	215	218	222	225	226	223	219	216	212	232	228	234	242	243	216	142	71	37	37
201	201	200	195	188	182	178	176	170	161	152	147	145	146	148	149	104	111	134	99	72	109	100	98	103	83	71	51	35	49	51	35	28	25	12	23	7	84	118	90	47	39	19	41	78	68	84	86	86	86	87	87	87	88	88	79	80	75	93	91	68	70	67	78	84	73	83	74	76	75	74	68	66	60	65	71	99	88	83	88	86	84	95	80	91	89	87	76	90	100	90	83	62	79	82	68	50	71	82	64	112	151	158	172	185	200	203	219	205	196	191	187	177	192	189	193	219	220	217	223	215	206	202	204	207	206	205	219	221	223	224	225	222	219	217	211	229	225	235	233	226	201	115	21	13	31
202	199	196	191	186	183	181	177	171	161	153	148	146	147	149	136	115	98	127	102	75	86	105	106	111	91	78	58	42	57	59	26	22	14	12	22	12	70	103	54	32	35	25	41	67	73	85	86	87	87	87	88	88	88	88	87	93	85	94	93	82	89	82	72	73	72	77	70	80	70	77	64	85	82	84	69	81	90	95	92	85	86	96	80	91	91	85	86	98	69	98	76	88	71	65	37	57	63	59	76	143	157	171	176	190	205	203	224	205	194	192	187	178	193	189	195	223	222	214	225	216	206	202	203	206	207	206	222	223	224	224	224	222	219	217	205	221	223	239	229	219	197	99	24	17	35
203	198	193	188	185	184	183	177	171	163	153	148	146	148	149	155	123	105	152	95	82	91	101	101	106	87	74	54	38	52	53	38	34	12	14	7	4	33	64	22	32	23	49	34	65	73	86	87	87	87	88	88	88	89	89	74	90	83	85	85	83	90	74	80	76	83	84	77	95	79	91	98	98	75	98	93	90	95	95	92	85	86	98	78	89	91	85	78	94	90	93	81	64	74	70	56	41	53	73	81	139	153	166	180	195	209	204	228	207	196	194	187	178	193	189	196	225	223	212	226	217	206	201	203	206	208	207	224	224	225	225	224	221	219	218	220	228	226	242	229	228	221	124	38	14	22
201	195	189	196	175	191	177	170	165	156	165	141	154	150	148	138	133	117	112	89	83	107	94	110	98	98	82	52	34	60	33	26	35	36	26	23	28	24	12	26	22	31	33	35	62	77	60	85	86	86	87	90	93	95	97	94	93	93	91	90	89	88	88	87	87	89	91	93	95	96	97	101	94	98	99	91	93	98	91	85	91	99	99	94	91	93	97	87	83	81	96	68	80	47	66	45	45	47	63	99	140	164	160	181	190	196	232	202	216	189	176	175	193	187	201	216	220	229	214	210	199	198	192	208	206	213	207	231	219	232	231	229	225	209	219	210	235	237	247	231	214	177	175	125	58	39
200	196	189	195	177	190	178	177	167	168	164	154	154	159	152	152	117	105	132	113	79	101	122	106	94	92	78	50	30	54	27	24	32	33	24	22	26	22	12	18	23	36	35	28	51	75	73	87	87	87	88	90	92	94	95	92	92	92	91	91	91	91	91	90	90	92	94	96	98	99	100	104	97	100	102	94	96	101	94	101	94	98	94	108	100	100	90	85	87	89	82	78	79	56	40	36	23	47	70	128	164	161	169	182	192	200	225	209	212	189	179	180	188	193	204	212	222	227	211	206	197	198	193	210	209	216	211	231	220	231	230	227	224	210	219	218	233	234	238	232	211	176	165	149	95	56
200	196	191	193	180	188	179	174	159	169	154	156	145	159	147	150	127	113	118	96	71	82	92	114	101	97	86	63	39	59	35	23	29	29	23	21	22	18	10	23	20	22	24	29	54	74	73	88	88	89	90	91	91	91	91	89	90	90	91	92	93	94	95	94	95	96	98	100	102	104	105	108	101	106	108	99	101	105	98	103	110	101	114	98	108	95	99	97	90	86	66	84	63	60	28	31	37	84	86	140	163	147	167	182	195	206	215	217	206	187	181	187	181	201	207	207	224	223	206	201	195	200	196	212	212	220	217	231	222	229	229	226	222	212	220	226	232	234	229	235	207	177	160	148	81	41
199	197	192	190	184	185	181	172	158	167	153	154	144	156	145	127	129	122	109	97	99	107	104	104	91	83	76	59	31	44	24	23	25	26	23	21	18	15	10	26	17	12	16	30	53	69	73	88	88	90	92	92	91	90	89	88	88	90	92	94	96	97	98	99	99	101	103	105	107	108	109	113	106	110	112	103	105	110	103	105	111	109	112	102	102	96	98	103	88	78	71	85	43	50	28	21	60	99	88	143	166	167	177	183	198	213	208	222	199	186	184	194	178	208	211	203	224	218	199	196	193	202	200	216	215	225	224	231	224	225	228	225	219	214	220	226	233	242	229	237	204	186	174	153	89	24
