255	255	255	255	255	255	255	255	255	255	255	255	255	255	255	255	254	254	254	254	254	254	254	254	252	254	253	254	252	251	254	254	254	246	241	254	253	247	237	236	223	156	79	73	83	58	51	65	64	70	71	72	76	73	71	77	78	76	74	69	63	58	58	61	54	54	49	51	58	57	52	55	46	47	55	59	57	59	57	47	85	169	225	236	249	253	249	246	253	249	253	253	252	250	254	251	255	252	255	253	255	252	255	255	255	255	255	255	255	255	255	255	255	255	255	255	255	255	255	255	255	255	255	255	255	255	255	255	255	255	255	255	255	255	255	255	255	255	255	255	255	255	255	255	255
255	255	255	255	255	255	255	255	255	255	255	255	255	255	255	255	254	254	254	254	254	254	254	254	254	255	254	254	254	254	254	242	254	250	254	249	241	242	240	253	164	99	78	83	65	62	70	60	64	67	69	70	70	63	57	57	68	67	65	61	56	52	52	55	48	48	46	47	52	54	54	55	56	48	44	44	46	51	57	59	44	74	104	130	164	199	234	253	250	250	246	243	249	254	254	254	255	254	255	253	255	252	255	255	255	255	255	255	255	255	254	253	255	255	255	255	255	255	255	255	255	255	255	255	255	255	255	255	255	255	255	255	255	255	255	255	255	255	255	255	255	255	255	255	255
255	255	255	255	255	255	255	255	255	255	255	255	255	255	255	255	254	254	254	255	254	254	254	254	251	255	254	253	251	253	254	248	254	254	248	247	241	250	253	174	97	70	78	79	67	71	69	64	67	63	61	60	56	52	49	46	53	52	52	52	49	48	50	54	54	52	50	47	46	50	51	47	47	44	42	47	52	50	47	50	56	68	59	51	60	66	100	159	214	244	253	253	253	252	249	254	252	255	255	254	255	254	255	255	254	255	255	255	255	255	254	254	255	255	255	255	255	255	255	255	255	255	255	255	255	255	255	255	255	255	255	255	255	255	255	255	255	255	255	255	255	255	255	255	255
255	255	255	255	255	255	255	255	255	255	255	255	255	255	255	255	255	255	255	255	254	254	254	254	251	254	254	254	251	251	253	253	243	243	253	249	244	218	147	81	67	74	76	67	68	64	52	57	63	54	51	52	48	49	50	45	45	45	46	47	47	46	49	53	49	46	47	46	45	53	57	48	49	49	43	40	45	44	43	49	47	41	45	57	63	61	52	42	97	163	224	247	253	253	253	253	253	253	254	254	254	254	255	254	254	255	255	255	255	255	255	255	255	255	255	255	255	255	255	255	255	255	255	255	255	255	255	255	255	255	255	255	255	255	255	255	255	255	255	255	255	255	255	255	255
255	255	255	255	255	255	255	255	255	255	255	255	255	255	255	255	255	255	255	255	254	254	254	254	254	254	251	253	253	251	251	244	253	253	244	197	159	157	121	77	86	88	90	88	67	54	60	54	53	46	47	52	52	53	52	44	49	48	47	47	45	44	45	47	47	43	43	42	43	51	52	42	49	54	46	36	38	42	44	48	39	56	50	42	54	56	52	63	44	56	126	221	253	244	239	253	253	253	249	253	254	254	253	254	255	255	255	254	253	253	255	255	255	255	255	255	255	255	255	255	255	255	255	255	255	255	255	255	255	255	255	255	255	255	255	255	255	255	255	255	255	255	255	255	255
255	255	255	255	255	255	255	255	255	255	255	255	255	255	255	255	255	255	255	255	254	254	254	254	253	250	246	250	250	249	252	248	252	231	157	145	194	176	93	81	82	82	83	84	55	36	51	47	52	45	44	47	49	51	50	46	49	47	45	45	44	42	43	44	50	46	44	41	41	45	43	36	39	48	49	43	43	46	43	38	43	42	47	46	40	47	57	56	64	51	62	106	169	231	253	240	249	248	246	252	250	253	252	254	255	255	255	253	251	250	252	253	255	255	255	255	255	255	255	255	255	255	255	255	255	255	255	255	255	255	255	255	255	255	255	255	255	255	255	255	255	255	255	255	255
255	255	255	255	255	255	255	255	255	255	255	255	255	255	255	255	255	255	255	255	254	254	254	254	251	253	252	251	250	252	252	242	223	156	145	212	162	78	85	66	69	74	71	67	59	41	38	51	54	49	43	42	47	48	47	48	45	44	42	43	43	42	42	44	42	42	40	40	43	45	46	48	44	44	43	39	39	44	45	40	38	46	47	46	50	46	43	49	41	59	63	45	49	108	193	251	219	237	247	252	246	252	252	253	254	255	255	254	252	251	252	253	255	255	255	255	255	255	255	255	255	255	255	255	255	255	255	255	255	255	255	255	255	255	255	255	255	255	255	255	255	255	255	255	255
255	255	255	255	255	255	255	255	255	255	255	255	255	255	255	255	255	255	255	255	254	254	254	254	250	253	250	250	252	252	236	201	159	188	222	149	79	66	60	55	61	57	55	50	55	47	31	47	49	50	45	45	52	50	44	46	46	44	42	43	42	40	40	41	42	45	41	39	42	40	41	50	48	39	38	40	39	43	44	37	42	42	43	42	41	46	50	48	38	46	53	56	51	45	76	129	189	225	249	253	245	253	251	249	252	254	255	255	255	254	254	255	255	255	255	255	255	255	255	255	255	255	255	255	255	255	255	255	255	255	255	255	255	255	255	255	255	255	255	255	255	255	255	255	255
255	255	255	255	255	255	255	255	255	255	255	255	255	255	255	255	253	253	254	254	254	254	253	252	249	246	249	252	251	246	202	174	229	194	107	66	69	52	42	46	55	50	48	49	50	48	45	43	48	46	48	50	46	44	44	42	42	41	41	40	40	39	38	38	41	40	40	40	38	38	42	49	45	38	33	36	41	40	40	41	39	41	42	41	41	42	43	42	47	54	44	44	61	56	44	53	73	139	234	233	245	244	247	253	252	254	255	249	250	255	254	253	254	254	255	255	255	255	255	255	255	255	255	255	255	255	255	255	255	255	255	255	255	255	255	255	255	255	255	255	255	255	255	255	255
255	255	255	255	255	255	255	255	255	255	255	255	255	255	255	255	253	253	254	254	254	254	253	252	252	252	252	245	248	201	187	222	140	89	86	65	33	43	52	52	53	49	45	45	47	45	43	42	46	44	46	48	45	42	43	41	41	41	40	39	39	38	37	37	39	39	39	39	37	36	40	46	44	39	37	38	39	37	37	40	40	39	39	39	40	41	44	47	48	43	40	38	36	41	51	58	47	54	97	200	202	228	254	250	252	245	255	255	255	255	252	255	255	255	255	255	255	254	255	255	255	255	255	255	255	255	255	255	255	255	255	255	255	255	255	255	255	255	255	255	255	255	255	255	255
255	255	255	255	255	255	255	255	255	255	255	255	255	255	255	255	254	254	254	254	254	254	253	252	247	252	248	252	205	165	183	143	124	97	78	61	49	43	41	52	54	48	43	43	44	44	43	43	45	42	45	47	43	42	42	41	39	40	39	39	38	37	36	36	38	39	40	39	37	35	38	41	40	39	39	39	38	35	36	41	40	38	38	40	40	40	43	48	33	39	38	41	52	48	40	45	57	49	58	79	138	185	236	253	254	242	254	252	247	254	252	255	255	255	255	255	255	254	255	255	255	255	255	255	255	255	255	255	255	255	255	255	255	255	255	255	255	255	255	255	255	255	255	255	255
255	255	255	255	255	255	255	255	255	255	255	255	255	255	255	255	254	254	254	254	255	254	253	252	253	246	244	228	172	163	162	158	145	94	56	41	34	40	50	51	52	47	42	42	43	43	44	44	44	42	44	46	43	41	43	42	39	40	40	39	38	37	36	36	39	40	41	41	38	36	37	39	38	38	38	38	37	36	38	42	40	37	39	43	43	39	39	43	48	49	32	27	43	45	43	56	53	42	50	56	45	75	157	237	254	252	254	255	255	253	252	255	254	255	255	255	255	255	255	255	255	255	255	255	255	255	255	255	255	255	255	255	255	255	255	255	255	255	255	255	255	255	255	255	255
255	255	255	255	255	255	255	255	255	255	255	255	255	255	255	255	254	254	254	255	255	255	252	251	249	253	242	204	209	200	182	164	93	43	51	45	37	54	42	43	49	45	41	42	43	43	42	43	43	40	42	44	41	40	42	41	40	40	40	39	38	37	37	37	38	40	42	40	39	38	37	38	40	38	36	36	37	37	39	41	41	38	39	43	42	37	37	41	38	35	43	47	39	39	44	42	35	45	55	57	57	56	34	172	237	254	244	244	255	255	255	250	255	255	255	255	254	254	254	255	255	255	255	255	255	255	255	255	255	255	255	255	255	255	255	255	255	255	255	255	255	255	255	255	255
255	255	255	255	255	255	255	255	255	255	255	255	255	255	255	255	254	254	255	255	255	254	252	251	245	253	203	183	196	209	192	89	71	58	45	35	47	49	36	56	44	41	39	40	41	40	40	40	41	38	40	41	38	36	38	38	40	41	41	39	38	37	37	39	37	39	40	39	37	37	37	36	42	39	36	36	36	39	39	39	41	38	38	40	39	37	39	42	39	36	38	40	38	38	42	42	44	36	48	55	57	50	57	46	148	228	254	237	231	244	255	252	254	254	254	254	253	253	252	253	255	255	255	255	255	255	255	255	255	255	255	255	255	255	255	255	255	255	255	255	255	255	255	255	255
255	255	255	255	255	255	255	255	255	255	255	255	255	255	255	255	254	254	255	255	255	254	252	250	252	233	202	203	205	201	130	75	62	56	36	43	46	40	47	39	41	39	38	39	40	38	38	39	41	38	39	40	35	35	37	37	40	41	40	39	37	37	39	40	36	38	38	37	36	36	37	36	41	38	37	37	38	40	39	38	39	39	39	38	38	38	39	41	40	42	34	33	44	43	37	43	42	46	46	44	55	57	53	54	43	148	247	254	233	239	252	254	253	254	254	254	253	252	253	253	255	255	255	255	255	255	255	255	255	255	255	255	255	255	255	255	255	255	255	255	255	255	255	255	255
255	255	255	255	255	255	255	255	255	255	255	255	255	255	255	255	254	254	255	255	255	254	252	250	252	203	196	210	208	154	90	59	56	42	42	42	43	50	50	45	41	39	38	39	39	39	39	40	41	37	38	39	35	35	37	37	40	41	40	39	36	36	39	40	36	38	38	36	35	37	38	38	37	38	38	39	39	40	40	39	36	39	41	40	39	39	38	36	41	35	41	44	34	35	43	40	49	34	38	54	56	45	56	55	34	54	155	229	253	255	242	250	250	251	252	253	253	253	254	254	255	255	255	255	255	255	255	255	255	255	255	255	255	255	255	255	255	255	255	255	255	255	255	255	255
255	255	255	255	255	255	255	255	255	255	255	255	255	255	255	255	251	255	255	254	253	251	254	253	223	187	214	216	173	109	63	53	51	46	42	41	41	41	41	43	42	40	37	37	38	39	39	39	36	39	38	38	40	37	36	41	36	45	37	37	38	35	39	37	38	37	35	33	40	33	43	32	34	39	39	36	40	42	38	37	39	39	39	39	39	39	39	39	36	42	42	41	42	38	33	39	47	38	35	51	50	43	54	55	55	48	34	127	246	241	254	254	254	253	254	254	251	254	255	253	255	255	255	255	255	255	255	255	255	255	255	255	255	255	255	255	255	255	255	255	255	255	255	255	255
255	255	255	255	255	255	255	255	255	255	255	255	255	255	255	255	255	255	252	254	254	253	252	240	199	211	235	185	145	73	49	52	50	47	43	43	42	41	41	43	40	39	37	36	37	38	37	36	36	37	37	37	39	37	36	41	39	41	37	38	39	34	37	40	39	41	38	35	45	39	39	35	33	37	38	36	37	38	37	38	39	39	38	38	38	38	38	38	36	41	41	40	40	38	36	36	43	39	41	52	50	43	46	50	57	51	61	44	108	212	254	246	247	254	254	252	252	252	255	254	255	255	255	255	255	255	255	255	255	255	255	255	255	255	255	255	255	255	255	255	255	255	255	255	255
255	255	255	255	255	255	255	255	255	255	255	255	255	255	255	255	255	251	252	254	252	252	252	229	202	229	226	148	105	49	43	45	46	45	43	43	41	40	41	43	40	39	37	37	38	38	37	36	34	36	35	37	39	38	37	41	41	37	38	39	41	37	34	44	37	44	47	39	45	40	36	40	36	38	39	37	35	35	36	38	39	38	38	37	37	38	38	39	38	39	41	39	38	40	39	34	36	39	47	49	48	42	38	46	26	67	59	42	55	115	215	254	255	239	253	255	252	255	253	253	255	255	255	255	255	255	255	255	255	255	255	255	255	255	255	255	255	255	255	255	255	255	255	255	255
255	255	255	255	255	255	255	255	255	255	255	255	255	255	255	255	255	251	255	254	248	252	253	225	219	219	178	124	74	51	47	39	41	41	42	41	40	39	40	42	40	38	36	36	37	38	37	37	35	37	36	36	39	40	39	42	40	34	39	38	39	39	33	45	36	41	56	47	39	38	36	45	41	40	40	40	36	35	36	36	37	36	36	36	37	39	40	40	42	37	39	41	38	40	42	37	34	39	48	44	46	47	37	46	57	42	44	62	51	55	125	235	249	254	254	254	253	249	255	255	255	255	255	255	255	255	255	255	255	255	255	255	255	255	255	255	255	255	255	255	255	255	255	255	255
255	255	255	255	255	255	255	255	255	255	255	255	255	255	255	255	254	253	254	254	248	253	251	218	222	194	127	96	60	56	49	40	40	41	42	41	39	39	39	40	39	37	35	34	36	37	38	37	36	39	36	36	40	40	39	40	37	36	41	37	38	41	34	43	39	39	57	53	36	40	44	47	45	39	39	41	36	35	37	35	36	37	36	36	36	37	38	39	44	36	38	42	39	39	44	44	35	40	48	42	47	51	40	45	40	41	56	52	58	59	61	179	244	246	253	251	252	254	254	255	255	255	255	255	255	255	255	255	255	255	255	255	255	255	255	255	255	255	255	255	255	255	255	255	255
255	255	255	255	255	255	255	255	255	255	255	255	255	255	255	255	253	255	252	252	253	252	240	213	222	168	87	58	58	52	47	42	42	44	44	42	40	39	39	37	42	40	38	37	38	39	40	39	36	38	37	36	39	40	38	39	41	42	43	39	41	42	40	46	46	44	56	57	40	46	50	48	49	39	40	43	38	37	41	39	38	38	36	36	36	36	37	38	43	39	41	42	39	39	44	49	35	39	44	43	46	48	41	38	42	48	59	64	53	57	48	47	201	252	251	244	254	254	254	252	255	255	255	255	255	255	255	255	255	255	255	255	255	255	255	255	255	255	255	255	255	255	255	255	255
255	255	255	255	255	255	255	255	255	255	255	255	255	255	255	255	249	255	250	252	253	243	232	228	203	119	57	47	58	43	43	42	43	44	43	40	40	40	39	37	43	41	40	40	40	40	39	38	36	39	37	36	40	42	41	41	52	52	46	48	50	46	50	57	51	64	64	66	54	53	56	61	59	46	47	49	41	40	46	46	41	40	39	38	38	39	41	42	40	46	45	39	36	40	44	50	39	42	43	45	44	44	45	37	51	57	75	66	54	62	51	55	93	254	254	237	254	241	254	254	255	255	255	255	255	255	255	255	255	255	255	255	255	255	255	255	255	255	255	255	255	255	255	255	255
255	255	255	255	255	255	255	255	255	255	255	255	255	255	255	255	245	254	250	252	253	234	231	250	162	64	40	67	58	33	41	43	41	41	40	39	39	41	40	37	40	39	39	39	39	38	35	32	37	40	39	38	42	45	43	43	63	60	49	56	57	48	57	66	55	86	81	80	70	60	63	80	70	56	56	57	45	43	52	54	41	41	40	41	42	43	45	47	35	52	51	35	33	40	45	49	48	49	45	49	45	44	54	45	58	44	50	39	38	59	57	57	71	159	252	254	248	254	245	255	255	255	255	255	255	255	255	255	255	255	255	255	255	255	255	255	255	255	255	255	255	255	255	255	255
255	255	255	255	255	255	255	255	255	255	255	255	255	255	254	254	254	251	254	253	240	235	244	197	98	47	49	55	51	51	36	45	40	40	41	41	42	49	47	35	41	41	42	40	36	40	42	38	39	45	42	42	42	44	44	36	52	54	53	66	68	62	70	67	68	103	105	95	89	79	80	88	78	75	76	70	57	53	57	55	55	57	52	43	41	47	51	49	48	51	55	43	43	46	45	61	53	50	45	40	42	47	49	46	52	47	45	42	49	54	51	53	84	41	162	253	236	246	254	249	253	255	254	254	254	254	254	253	255	255	255	255	255	255	255	255	255	255	255	255	255	255	255	255	255
255	255	255	255	255	255	255	255	255	255	255	255	255	255	254	254	254	250	252	250	244	252	221	116	59	44	52	50	43	47	42	40	43	42	44	45	44	44	44	42	44	47	48	45	44	52	54	47	40	43	47	48	40	38	48	45	47	51	59	66	79	74	65	93	95	98	138	112	114	109	101	107	104	99	94	85	75	71	70	68	79	64	51	51	56	58	56	54	67	54	48	47	43	42	54	60	55	55	51	47	47	50	49	45	45	46	48	45	51	58	57	63	61	42	75	190	252	254	250	255	253	255	254	254	254	254	254	254	255	255	255	255	255	255	255	255	255	255	255	255	255	255	255	255	255
255	255	255	255	255	255	255	255	255	255	255	255	255	255	254	254	251	254	250	239	251	252	146	56	47	47	49	50	45	41	45	48	49	46	48	50	47	41	43	49	52	51	52	46	40	44	51	52	46	43	46	52	43	40	52	54	48	56	68	71	89	93	78	89	104	101	160	143	136	134	128	134	128	124	112	99	93	91	94	101	108	82	65	71	80	77	73	74	85	58	44	57	49	46	65	59	62	66	67	66	64	63	56	50	55	53	50	41	42	50	57	72	63	57	49	93	227	254	252	254	254	255	255	254	254	254	254	254	255	255	255	255	255	255	255	255	255	255	255	255	255	255	255	255	255
255	255	255	255	255	255	255	255	255	255	255	255	255	255	254	254	250	254	253	242	248	210	64	50	53	51	48	49	50	44	42	49	52	53	55	59	58	53	54	60	59	57	62	60	47	40	47	58	59	51	43	53	60	55	60	65	62	61	64	89	108	121	130	110	107	121	151	173	155	155	152	153	139	145	139	126	119	115	120	135	132	110	98	105	109	100	99	106	103	75	62	75	74	72	81	73	77	80	80	77	73	71	65	60	54	53	57	56	53	48	46	60	55	49	69	44	144	252	254	249	254	255	255	255	254	254	254	254	255	255	255	255	255	255	255	255	255	255	255	255	255	255	255	255	255
255	255	255	255	255	255	255	255	255	255	255	255	255	255	254	254	254	244	254	253	242	138	34	59	46	50	52	43	48	53	39	40	48	58	64	68	72	71	65	63	62	65	74	76	66	59	61	64	68	67	50	60	80	72	67	81	91	74	72	102	118	128	151	150	132	149	143	179	173	177	170	166	155	164	165	158	154	146	145	153	150	139	134	138	136	128	126	132	129	110	102	101	108	110	100	101	106	104	97	87	81	82	80	79	68	55	55	58	56	48	50	71	48	50	66	68	70	225	251	254	254	254	255	255	254	254	254	254	255	255	255	255	255	255	255	255	255	255	255	255	255	255	255	255	255
255	255	255	255	255	255	255	255	255	255	255	255	255	255	254	254	254	254	247	253	231	79	37	56	47	45	48	42	47	50	42	53	56	76	86	88	94	92	83	80	74	76	77	73	69	74	74	65	72	81	70	77	96	87	84	102	113	110	118	118	125	135	141	165	160	164	158	171	178	181	171	178	173	174	171	170	170	167	164	165	164	158	155	155	153	148	145	145	149	141	132	120	130	132	114	121	124	122	115	105	98	96	92	88	67	56	61	72	70	56	48	64	55	53	70	53	71	137	248	253	254	253	254	254	254	253	254	254	255	255	255	255	255	255	255	255	255	255	255	255	255	255	255	255	255
255	255	255	255	255	255	255	255	255	255	255	255	255	255	254	254	252	254	240	248	186	51	42	50	52	48	44	46	47	45	51	63	67	92	105	107	114	116	117	124	107	101	96	89	82	83	83	79	77	92	96	105	113	111	117	128	133	150	165	152	151	166	166	173	173	173	178	174	177	176	175	186	182	176	172	172	171	173	174	171	168	165	162	160	159	157	153	152	156	154	142	134	143	139	128	132	127	127	123	117	111	106	98	89	86	74	69	68	64	54	51	67	52	55	43	56	51	81	186	252	254	253	253	254	253	252	253	255	255	255	255	255	255	255	255	255	255	255	255	255	255	255	255	255	255
255	255	255	255	255	255	255	255	255	255	255	255	255	255	254	254	254	247	241	254	125	43	49	47	45	56	47	44	45	48	57	48	54	81	96	100	111	121	138	160	144	132	130	133	117	99	97	104	87	101	116	129	131	136	151	153	165	169	176	182	172	178	193	171	181	181	179	184	182	181	185	184	183	180	183	184	178	176	174	168	165	164	164	161	159	156	157	160	157	157	143	147	152	143	142	138	138	136	131	124	120	119	112	104	95	86	81	72	66	58	53	63	66	41	55	69	56	46	116	246	254	252	252	253	253	251	252	255	255	255	255	255	255	255	255	255	255	255	255	255	255	255	255	255	255
255	255	255	255	255	255	255	255	255	255	254	255	255	255	254	253	252	249	254	241	87	45	48	49	53	56	47	45	57	60	63	74	75	80	89	97	109	125	139	148	148	156	161	156	146	140	137	137	136	140	130	136	160	162	159	173	178	184	190	193	191	189	191	193	189	184	183	188	188	184	181	183	179	178	177	178	177	175	171	168	162	161	160	161	161	158	156	155	154	153	151	151	148	146	147	149	146	142	137	133	130	125	118	113	106	95	85	80	75	72	67	59	48	46	61	62	57	57	65	203	251	254	254	250	252	255	246	255	255	255	255	255	255	255	255	255	255	255	255	255	255	255	255	255	255
255	255	255	255	255	255	255	255	255	255	255	255	255	255	253	253	249	252	246	190	58	42	49	47	37	44	47	55	65	67	83	113	119	118	115	118	127	139	149	154	160	167	174	172	168	165	166	167	175	174	158	155	174	181	180	185	188	190	193	194	195	194	194	195	192	188	186	188	188	183	180	182	178	177	176	176	176	174	171	168	167	165	165	165	165	162	160	160	157	156	155	155	153	150	151	153	148	144	138	133	130	126	121	117	113	98	89	89	84	78	71	67	60	43	58	65	57	51	50	143	254	245	247	254	249	254	251	255	255	255	255	255	255	255	255	255	255	255	255	255	255	255	255	255	255
255	255	255	255	255	255	255	255	255	255	255	255	255	255	253	253	249	247	251	137	53	51	48	47	46	46	47	55	65	66	75	97	120	124	128	134	144	156	165	169	173	178	182	182	180	181	183	183	183	189	186	181	186	190	190	192	190	188	186	188	189	191	191	190	192	191	189	189	188	187	184	181	178	177	177	177	177	176	173	171	169	167	167	167	167	164	162	162	159	157	157	157	154	151	151	151	148	144	138	132	131	128	126	124	115	104	96	92	88	86	80	72	81	48	61	69	61	55	55	97	244	249	250	254	251	254	253	255	255	255	255	255	255	255	255	255	255	255	255	255	255	255	255	255	255
255	255	255	255	255	255	255	255	255	255	255	255	255	255	253	252	251	240	246	95	60	54	43	46	46	47	45	50	64	74	78	83	99	115	135	148	157	166	174	180	179	181	182	182	182	183	183	182	177	184	192	193	190	189	189	187	191	189	186	187	189	191	192	191	189	191	190	188	188	189	186	181	180	180	179	180	180	178	176	175	171	169	168	168	166	164	162	162	162	160	158	157	153	149	146	147	146	142	137	134	132	131	131	129	114	113	106	91	86	94	92	78	81	54	64	66	62	58	61	66	198	254	254	251	252	255	250	255	255	255	255	255	255	255	255	255	255	255	255	255	255	255	255	255	255
255	255	255	255	255	255	255	255	255	255	255	255	255	255	253	252	250	246	200	63	49	42	44	41	40	47	52	57	68	84	97	108	114	132	153	166	170	171	174	176	178	180	182	183	185	187	187	185	190	183	184	189	191	191	189	183	189	188	188	187	190	191	191	191	186	190	190	189	189	191	187	182	181	181	181	181	179	179	178	177	174	172	171	171	170	168	166	166	167	164	161	160	156	150	147	146	145	143	140	138	137	137	137	136	121	122	116	99	90	96	98	89	75	64	68	62	67	63	59	42	157	253	254	247	249	255	252	255	255	255	255	255	255	255	255	255	255	255	255	255	255	255	255	255	255
255	255	255	255	255	255	255	255	255	255	255	255	255	255	253	252	244	252	142	55	43	40	50	38	48	47	54	63	72	84	107	129	142	151	162	170	174	177	176	175	177	178	179	181	184	188	187	185	191	184	184	188	188	186	186	185	184	184	186	186	186	186	186	187	187	189	190	189	190	190	187	182	182	182	181	180	179	178	177	177	177	174	173	173	172	170	168	168	168	165	163	162	158	153	149	147	147	146	144	143	142	142	141	141	131	123	118	113	101	94	96	97	77	72	68	57	68	69	60	42	151	248	252	254	248	253	255	252	255	255	255	255	255	255	255	255	255	255	255	255	255	255	255	255	255
255	255	255	255	255	255	255	255	255	255	255	255	255	255	253	252	241	226	100	53	52	49	46	42	48	44	51	64	76	94	120	139	152	158	164	168	173	177	178	178	176	177	177	179	182	184	184	181	180	183	187	189	187	184	185	188	186	187	187	188	189	189	189	189	189	189	189	189	190	190	187	185	185	185	184	182	181	180	180	180	176	174	172	173	172	170	169	169	168	165	163	160	159	154	149	149	150	148	145	143	143	143	143	143	136	123	121	122	110	96	91	94	76	66	64	57	61	65	60	53	145	253	253	254	253	252	255	254	255	255	255	255	255	255	255	255	255	255	255	255	255	255	255	255	255
255	255	255	255	255	255	255	255	255	255	255	255	255	255	253	252	240	183	78	38	57	52	29	50	45	51	62	69	80	106	134	147	158	167	175	176	174	173	175	175	176	178	177	178	182	185	186	185	185	188	186	183	186	190	189	187	188	187	187	187	189	189	189	188	190	188	187	189	191	191	190	190	189	189	188	186	184	183	183	183	179	176	174	174	173	171	170	171	170	167	164	161	159	155	151	150	151	149	145	143	142	142	142	142	136	129	125	125	115	102	93	87	72	62	72	72	64	63	61	62	121	253	248	251	254	251	252	255	255	255	255	255	255	255	255	255	255	255	255	255	255	255	255	255	255
255	255	255	255	255	255	254	254	255	252	254	253	254	254	253	248	226	133	63	57	50	39	45	46	44	47	56	73	91	109	129	145	154	164	168	169	174	175	174	173	176	176	178	180	182	184	185	185	185	186	187	188	188	188	186	186	188	188	188	188	188	188	190	191	191	191	191	192	192	192	192	193	190	189	189	188	186	185	185	184	181	178	177	177	176	173	172	172	172	169	166	163	160	156	152	149	149	150	147	143	141	140	142	144	137	135	132	134	126	109	96	81	75	78	79	74	59	54	62	57	93	244	252	252	254	254	251	254	255	255	255	255	255	255	255	255	255	255	255	255	255	255	255	255	255
255	255	255	255	255	255	255	255	255	254	252	254	252	254	253	246	212	110	48	51	47	49	43	46	43	50	62	83	101	117	133	145	156	166	169	170	175	176	175	174	176	176	178	180	182	183	185	185	186	187	188	189	188	188	188	188	186	186	187	188	188	189	190	191	193	193	193	193	193	193	193	193	193	192	191	190	188	187	187	186	183	180	179	180	178	175	174	175	173	171	168	165	162	158	154	151	149	150	147	143	141	139	140	142	136	136	135	138	131	117	104	87	82	87	86	72	54	59	68	53	81	220	251	251	254	254	251	254	255	255	255	255	255	255	255	255	255	255	255	255	255	255	255	255	255
255	255	255	255	255	255	255	255	253	254	251	254	253	254	253	248	205	95	48	46	51	50	42	43	42	52	69	92	111	127	140	149	158	166	170	171	175	177	176	176	175	176	178	180	182	183	184	184	188	188	188	188	189	189	189	189	187	188	189	189	190	191	192	193	195	195	195	194	194	194	194	194	195	195	194	192	191	190	189	189	187	185	182	182	182	179	177	177	175	173	170	167	164	160	156	153	151	150	146	143	141	139	138	139	137	140	138	138	132	122	113	95	94	89	87	79	57	53	62	51	70	188	253	253	254	252	251	254	255	255	255	255	255	255	255	255	255	255	255	255	255	255	255	255	255
254	255	255	255	255	254	254	254	254	255	253	255	254	255	253	240	180	81	57	41	57	39	48	40	44	53	70	92	112	129	144	155	159	167	170	171	175	177	176	177	175	176	178	180	182	183	184	185	188	189	188	188	190	191	190	191	190	191	192	193	193	194	195	196	197	197	197	197	198	198	197	197	198	197	196	195	194	193	192	191	189	187	186	185	184	182	180	179	176	174	172	170	166	162	157	153	151	150	146	143	141	139	137	136	139	142	139	135	129	124	118	101	93	85	88	87	64	52	60	52	61	152	253	253	254	252	252	254	255	255	255	255	255	255	255	255	255	255	255	255	255	255	255	255	255
254	254	255	255	254	254	254	254	254	254	254	251	255	250	253	219	129	64	52	41	53	31	53	43	49	56	69	86	106	125	145	157	160	166	169	171	175	176	176	177	175	177	179	181	183	184	185	185	187	188	189	190	191	192	193	192	194	195	196	197	198	198	199	199	199	199	199	199	201	201	201	202	201	201	200	198	197	195	194	193	190	189	188	186	185	184	182	180	178	175	172	170	168	162	157	154	152	150	146	143	142	139	137	135	138	141	137	136	131	126	120	103	87	87	85	72	50	51	66	58	56	120	251	252	253	253	254	254	255	255	255	255	255	255	255	255	255	255	255	255	255	255	255	255	255
254	254	254	254	254	254	253	253	253	250	255	249	255	250	253	194	105	66	48	51	47	36	49	47	56	62	73	87	106	124	142	154	160	165	168	170	175	176	175	178	177	178	180	182	185	185	186	186	187	189	190	191	192	194	195	195	196	198	199	199	200	200	201	202	202	202	202	203	204	205	206	206	205	205	204	202	201	198	196	194	192	192	190	187	186	185	184	181	179	177	175	171	168	163	158	154	153	150	146	143	143	141	138	135	134	136	137	140	135	128	121	106	90	96	101	98	80	65	64	56	61	103	247	253	253	254	254	254	255	255	255	255	255	255	255	255	255	255	255	255	255	255	255	255	255
253	254	254	254	254	253	253	253	252	247	253	252	254	253	248	166	122	82	53	55	45	45	43	56	61	70	85	102	118	134	146	152	160	165	168	172	176	176	175	178	178	179	181	183	185	187	186	187	188	189	191	193	195	196	197	197	197	198	200	201	202	203	204	205	205	205	207	207	208	208	209	209	208	208	207	206	203	200	197	196	194	194	192	189	188	188	186	183	181	179	177	175	170	166	160	156	154	150	145	143	144	143	140	137	134	134	134	139	137	129	123	109	106	99	88	84	72	55	58	66	64	91	239	253	254	254	253	252	255	255	255	255	255	255	255	255	255	255	255	255	255	255	255	255	255
253	254	254	254	254	253	253	253	253	249	252	255	248	249	236	140	141	84	54	44	46	50	45	67	63	76	97	118	134	144	150	153	160	166	169	173	177	176	175	178	178	179	182	184	186	187	188	187	188	190	192	195	197	198	199	199	198	200	202	204	205	206	207	208	209	209	209	209	210	210	211	211	211	210	209	208	205	201	199	197	196	196	194	191	190	190	188	185	183	181	179	176	172	167	162	158	155	151	145	143	145	144	141	138	137	134	131	137	133	126	123	112	96	104	95	89	85	72	66	63	56	77	226	247	252	254	253	252	255	255	255	255	255	255	255	255	255	255	255	255	255	255	255	255	255
253	254	254	255	254	253	253	253	251	253	252	253	242	253	192	124	150	70	57	43	39	48	51	63	65	86	113	121	135	152	151	155	163	167	171	173	174	177	179	179	179	181	183	184	186	187	189	190	192	193	194	198	201	201	203	203	203	204	205	206	207	208	210	212	212	211	211	212	212	212	212	212	215	214	213	209	208	206	202	198	198	197	194	192	191	190	188	187	185	182	181	179	174	170	166	160	156	152	147	146	143	143	141	138	136	133	133	133	131	131	126	117	109	105	96	96	89	68	61	64	55	69	216	250	254	254	252	253	255	255	255	255	255	255	255	255	255	255	255	255	255	255	255	255	255
253	254	254	255	254	253	253	253	253	254	254	254	249	253	160	109	129	63	53	43	39	49	49	65	75	94	117	128	135	143	148	158	163	166	170	172	175	178	179	179	179	181	183	185	186	188	189	191	193	194	196	199	201	204	205	205	206	207	208	209	210	211	213	215	216	215	215	215	215	216	216	216	217	217	214	212	210	209	204	200	199	198	196	194	193	192	190	189	188	183	182	180	175	171	167	161	157	153	149	147	144	143	141	139	137	134	134	133	130	130	126	118	110	108	100	102	96	74	61	58	61	69	214	251	254	254	254	252	255	255	255	255	255	255	255	255	255	255	255	255	255	255	255	255	255
254	254	254	255	254	254	254	254	246	251	255	255	248	229	134	124	116	66	53	47	41	49	47	68	84	101	116	132	139	138	148	159	164	167	169	172	176	180	181	180	179	182	184	186	187	188	190	191	193	195	197	200	203	206	208	208	209	210	211	212	213	214	217	218	218	218	217	218	217	218	218	218	218	218	217	214	212	210	206	202	200	198	197	195	194	193	191	190	189	185	183	181	176	172	168	163	159	155	150	148	145	144	140	138	137	135	135	133	130	129	127	120	110	111	106	106	98	75	61	57	64	67	209	252	252	253	254	252	255	255	255	255	255	255	255	255	255	255	255	255	255	255	255	255	255
254	254	255	254	254	254	254	254	251	254	255	254	253	200	132	158	106	70	52	49	42	51	49	72	102	112	115	129	137	136	150	159	165	167	169	172	177	181	182	181	179	182	184	186	188	189	191	191	193	195	197	200	204	206	209	210	210	211	213	214	215	216	218	219	219	219	218	217	216	217	217	218	218	218	217	215	212	210	206	202	199	197	196	194	193	192	191	190	189	186	184	182	176	173	169	163	160	157	152	149	146	144	140	137	138	136	135	133	129	129	128	125	111	117	113	106	92	70	63	63	63	64	205	254	250	252	254	253	255	255	255	255	255	255	255	255	255	255	255	255	255	255	255	255	255
254	255	254	254	254	254	254	254	254	254	246	251	253	163	129	152	91	66	47	46	44	53	54	74	112	125	124	127	132	134	152	160	165	166	168	171	176	181	182	180	180	183	185	187	188	190	190	191	192	194	197	200	202	206	209	212	212	213	215	216	216	217	220	221	221	220	219	218	218	218	218	220	219	219	216	215	212	210	205	202	199	198	196	194	194	193	191	190	189	185	185	182	177	173	169	164	161	157	153	149	146	144	141	138	138	136	135	133	129	130	131	128	119	123	112	100	84	67	65	66	62	64	202	254	251	251	254	254	255	255	255	255	255	255	255	255	255	255	255	255	255	255	255	255	255
254	254	254	254	254	254	254	253	249	249	249	253	244	130	124	121	80	63	47	48	48	51	57	67	94	116	130	133	137	141	153	161	163	165	168	170	174	178	180	179	180	183	186	188	189	191	191	192	193	195	198	200	203	206	210	213	214	216	218	218	220	221	222	223	224	223	223	222	222	221	221	221	220	220	217	215	212	211	206	203	201	199	197	196	195	194	192	191	191	185	185	182	176	173	170	164	161	158	153	150	148	146	142	139	139	136	136	133	130	131	132	128	126	124	107	93	82	73	68	64	64	67	198	253	253	252	254	254	255	255	255	255	255	255	255	255	255	255	255	255	255	255	255	255	255
254	254	254	254	254	254	252	251	248	251	253	253	229	122	133	102	75	61	51	49	49	46	58	60	71	91	117	127	139	149	152	160	163	166	169	170	173	176	179	179	180	183	186	189	189	190	191	192	194	197	200	203	205	208	212	215	217	218	219	220	221	222	224	226	225	225	225	224	224	223	223	222	221	220	218	214	212	210	208	203	202	201	199	197	196	194	193	192	191	187	184	183	176	174	170	165	162	159	155	152	150	148	145	142	141	137	137	133	130	131	132	127	126	126	111	100	93	84	77	68	65	67	190	253	254	253	254	254	255	255	255	255	255	255	255	255	255	255	255	255	255	255	255	255	255
254	254	254	254	254	253	251	250	253	248	251	245	210	126	139	85	71	57	51	47	45	41	59	59	68	76	96	107	129	148	151	162	164	168	171	172	173	177	180	181	180	183	186	188	190	191	192	192	196	198	201	204	206	209	213	216	217	219	219	220	221	222	224	225	224	224	224	223	223	223	222	221	220	219	217	212	210	209	206	203	203	201	199	197	195	194	192	191	191	187	185	183	177	175	171	166	162	159	156	153	152	150	147	144	142	138	137	134	131	132	132	126	123	131	123	114	106	96	89	79	64	65	182	247	254	255	254	254	255	255	255	255	255	255	255	255	255	255	255	255	255	255	255	255	255
253	250	251	254	253	252	243	250	251	249	246	249	159	140	129	79	68	59	51	43	43	45	49	61	61	75	94	109	126	143	154	160	166	168	170	171	174	179	181	181	181	183	185	188	190	191	193	194	197	202	204	206	209	212	214	216	219	220	220	223	224	225	225	225	224	224	223	223	222	221	221	221	220	217	215	212	210	208	207	205	204	202	200	197	196	194	193	192	191	190	187	183	179	175	171	167	164	160	157	156	153	149	146	147	144	141	136	134	133	133	132	129	130	131	135	126	118	107	106	85	71	68	164	247	255	250	255	252	255	255	255	255	255	255	255	255	255	255	255	255	255	255	255	255	255
252	254	255	254	240	242	243	254	249	253	251	236	134	164	107	75	68	53	46	44	51	54	51	58	59	75	93	111	128	147	160	164	166	168	171	172	175	179	181	182	182	184	187	189	191	193	194	195	198	203	205	207	210	213	215	216	219	220	221	222	223	224	224	225	224	224	223	223	222	221	221	220	219	218	214	211	210	208	206	205	204	203	200	198	197	195	194	193	191	190	187	183	179	175	171	167	165	161	158	157	154	150	147	148	146	143	139	137	136	137	135	133	134	137	146	139	128	117	114	89	77	74	165	254	254	248	255	254	255	255	255	255	255	255	255	255	255	255	255	255	255	255	255	255	255
251	254	252	244	233	239	249	254	250	253	252	213	123	181	92	84	70	53	46	48	55	57	52	58	67	81	98	116	132	148	159	163	166	169	171	173	175	179	182	182	183	184	187	190	192	193	195	196	199	203	207	208	211	214	216	217	218	219	220	221	223	224	223	223	224	224	222	222	221	220	220	220	219	216	213	211	209	207	206	205	205	204	201	199	197	196	195	193	192	191	188	184	180	176	172	168	167	162	159	158	155	152	148	148	147	145	142	141	141	141	140	139	143	143	153	151	142	138	133	96	82	75	155	254	253	251	254	255	255	255	255	255	255	255	255	255	255	255	255	255	255	255	255	255	255
254	252	240	237	239	247	254	252	253	247	252	193	141	163	82	81	68	52	50	53	54	54	56	66	77	89	105	121	135	149	158	161	166	170	173	174	176	179	182	183	182	184	187	189	191	193	194	196	199	204	207	208	211	214	216	217	217	218	219	220	222	223	223	222	223	223	221	220	220	219	219	218	217	215	213	210	208	207	206	205	205	204	202	199	198	197	195	194	193	192	189	184	181	178	173	169	165	162	160	158	155	151	150	149	148	146	144	144	145	145	145	145	154	146	153	155	155	159	153	104	82	68	135	252	252	255	252	255	255	255	255	255	255	255	255	255	255	255	255	255	255	255	255	255	255
254	249	236	241	252	253	254	245	253	247	241	176	157	126	76	65	63	49	51	56	56	59	66	77	85	95	108	124	138	151	159	163	167	171	174	175	177	180	182	183	183	185	187	190	192	194	195	196	199	203	206	208	210	213	215	216	217	218	219	220	222	222	222	222	222	221	220	219	219	218	217	217	216	215	213	210	208	207	206	207	205	204	202	200	198	197	195	194	192	192	189	184	180	177	174	169	165	163	160	158	155	152	149	150	149	146	144	145	147	148	149	151	158	151	158	161	164	170	164	114	82	64	125	251	250	255	251	253	255	255	255	255	255	255	255	255	255	255	255	255	255	255	255	255	255
243	244	242	250	254	249	254	249	251	249	220	154	148	105	92	72	64	48	49	55	59	72	79	84	99	105	115	127	139	150	158	162	167	171	175	176	177	179	182	183	185	186	189	192	193	195	197	198	199	203	205	206	209	212	214	216	217	218	218	220	221	222	222	222	222	221	220	219	218	218	217	217	215	215	213	210	208	207	207	207	204	203	203	200	199	197	195	194	192	191	188	183	180	177	173	169	166	163	160	159	157	154	152	151	151	147	146	148	151	151	154	158	158	159	170	170	170	171	167	125	86	69	127	253	250	254	250	255	255	255	255	255	255	255	255	255	255	255	255	255	255	255	255	255	255
219	239	249	254	252	239	254	253	248	249	210	140	138	98	105	83	65	46	47	52	60	83	99	104	119	123	127	136	144	152	158	162	167	172	176	177	178	179	182	183	185	187	190	192	194	196	197	198	200	203	205	206	207	211	214	217	218	218	219	220	222	222	223	222	222	222	221	220	219	219	218	218	215	215	213	211	208	207	208	209	205	204	203	201	200	198	196	194	193	193	190	185	182	179	175	171	167	164	162	161	160	157	156	156	155	151	149	152	154	156	159	165	165	169	178	176	175	173	169	138	91	72	127	252	250	254	253	255	255	255	255	255	255	255	255	255	255	255	255	255	255	255	255	255	255
206	237	254	252	243	229	250	250	250	244	217	142	142	93	97	72	59	42	44	47	57	90	118	128	131	132	136	142	148	155	161	166	167	172	177	178	178	179	182	183	184	186	189	191	193	195	197	198	201	203	205	206	207	211	215	216	217	219	219	220	221	222	222	222	223	223	222	221	220	220	219	219	215	215	214	211	208	207	208	209	206	205	204	202	201	199	197	195	196	195	192	188	184	181	177	173	169	166	164	163	162	160	159	159	158	154	152	156	157	159	163	169	175	176	179	176	179	177	174	145	93	70	121	247	251	255	255	254	255	255	255	255	255	255	255	255	255	255	255	255	255	255	255	255	255
216	254	251	252	254	241	244	250	251	228	197	158	151	115	95	73	58	45	48	50	58	88	118	134	140	141	143	146	149	154	160	163	166	171	176	178	179	182	183	182	188	186	187	191	195	195	196	197	202	203	206	208	209	212	215	218	219	220	221	222	223	223	224	224	225	226	225	222	221	222	222	219	216	216	216	213	209	207	207	208	209	206	205	205	204	201	199	200	200	194	194	192	183	182	181	173	170	169	168	167	166	166	164	162	159	159	157	156	159	159	163	173	174	183	185	180	177	185	178	143	93	66	119	251	254	254	248	254	255	255	255	255	255	255	255	255	255	255	255	255	255	255	255	255	255
234	242	255	247	250	254	239	246	238	225	168	157	144	142	84	68	65	49	47	53	61	88	112	131	141	143	147	151	153	156	159	161	166	171	175	176	178	181	184	185	185	185	188	192	195	194	197	199	202	204	206	208	210	212	215	219	220	220	222	222	224	225	225	225	225	227	226	223	223	222	222	220	217	217	216	214	211	209	209	209	210	207	206	206	206	202	200	201	202	196	195	192	185	184	183	176	177	175	172	170	168	167	164	162	164	162	159	159	161	161	164	173	177	184	185	183	180	182	175	148	100	73	112	247	254	253	254	254	255	255	255	255	255	255	255	255	255	255	255	255	255	255	255	255	255
244	232	253	246	238	247	230	230	216	221	151	170	124	132	75	71	68	50	41	55	67	93	110	134	145	147	152	155	156	157	159	160	166	171	175	177	180	184	186	187	186	188	192	195	195	195	198	201	202	204	206	208	210	213	216	220	221	222	222	222	224	225	226	226	227	228	226	225	224	224	223	221	219	219	217	214	213	212	210	211	210	208	208	209	207	205	203	203	203	198	196	193	187	184	183	178	171	171	171	173	173	172	169	167	161	160	157	157	161	160	161	168	177	184	184	185	182	176	166	149	99	73	98	236	254	249	254	253	255	255	255	255	255	255	255	255	255	255	255	255	255	255	255	255	255
247	241	243	252	248	245	244	230	209	208	144	144	126	135	79	61	68	49	36	51	65	92	109	139	149	151	154	155	155	157	160	162	165	169	175	180	184	186	186	186	187	189	193	195	197	197	199	201	202	204	206	208	210	213	217	220	221	222	222	224	225	226	226	226	226	227	225	225	224	223	222	222	220	219	217	215	213	212	212	212	210	209	209	210	210	207	205	204	202	200	197	194	189	185	182	178	178	176	175	175	174	171	168	166	163	160	154	152	156	158	164	174	177	187	186	186	185	175	160	143	98	66	89	226	254	251	254	252	255	255	255	255	255	255	255	255	255	255	255	255	255	255	255	255	255
241	239	224	239	248	244	251	237	200	207	157	135	118	141	78	65	69	50	38	46	60	84	107	140	149	151	154	156	155	157	160	162	166	169	174	180	183	185	186	187	188	190	192	195	199	201	202	201	203	205	208	209	211	213	217	220	221	222	223	225	226	226	225	225	225	225	225	224	224	222	222	221	220	219	216	214	213	212	212	212	210	210	211	211	210	210	208	205	200	201	199	195	192	187	182	181	177	174	172	171	171	170	168	168	158	158	156	157	158	156	157	165	177	191	191	188	187	178	158	133	108	70	92	224	253	255	254	254	255	255	255	255	255	255	255	255	255	255	255	255	255	255	255	255	255
252	251	244	241	242	242	243	248	248	171	174	143	118	142	69	59	67	50	45	45	59	84	114	144	144	149	155	157	157	156	159	160	170	171	174	179	183	187	189	192	196	196	196	198	200	203	203	200	205	207	209	211	213	216	218	219	222	222	224	225	226	225	224	224	224	223	222	223	223	221	220	221	220	218	215	213	212	212	212	211	211	211	211	210	209	209	207	205	201	203	198	194	192	188	184	185	172	172	175	179	179	173	168	165	171	166	157	153	153	153	159	169	176	190	192	187	183	176	156	124	118	81	93	225	249	254	248	253	255	255	255	255	255	255	255	255	255	255	255	255	255	255	255	255	255
253	251	253	248	238	233	225	226	243	188	126	180	100	102	74	65	60	46	50	45	62	89	127	148	144	149	153	155	155	155	158	160	169	170	174	181	186	188	190	192	193	195	197	196	199	202	202	202	207	209	213	215	216	217	219	220	224	224	224	225	225	225	225	223	224	223	222	223	223	221	220	221	220	218	215	213	213	212	212	211	210	211	210	208	208	208	207	204	203	205	198	191	189	184	181	184	186	180	176	172	165	152	142	139	134	140	150	163	172	167	159	157	175	186	190	184	175	169	154	122	111	84	86	226	245	252	247	251	254	254	254	254	254	254	254	254	255	255	255	255	255	255	255	255	255
250	245	251	254	254	246	229	202	231	151	132	100	125	105	65	75	55	42	53	43	61	88	132	145	146	150	152	153	152	154	157	162	161	164	171	182	187	187	187	186	177	183	187	190	194	200	205	207	209	211	215	217	217	218	219	221	226	226	225	224	224	224	225	226	224	223	222	223	223	221	220	222	221	218	214	212	213	213	211	211	210	211	210	207	207	208	207	204	207	208	197	187	185	179	175	181	179	164	146	132	119	111	109	111	97	98	104	121	143	156	163	169	177	185	189	185	171	165	154	125	99	82	77	230	246	250	251	251	254	254	254	254	254	254	254	254	255	255	255	255	255	255	255	255	255
250	252	253	252	253	252	247	240	195	170	132	112	116	136	78	65	74	47	38	52	73	86	123	143	147	144	151	153	148	153	160	155	161	167	176	184	186	179	168	159	152	164	178	179	179	188	197	194	198	200	205	208	212	219	225	224	225	226	225	222	228	229	222	229	222	219	215	219	221	216	215	222	219	216	213	212	211	210	211	210	209	213	209	210	209	207	208	202	192	187	165	153	150	140	129	123	115	104	84	79	82	84	85	80	76	72	76	77	93	135	164	171	175	173	177	191	184	164	148	120	110	62	83	242	245	224	246	253	254	255	248	251	250	255	255	255	255	255	255	255	255	255	255	255	255
254	254	253	253	253	253	252	249	208	149	133	147	120	92	102	59	64	43	44	56	73	84	117	145	145	146	147	151	157	159	160	162	168	175	175	165	156	145	128	111	117	125	137	144	150	159	162	157	168	169	178	187	193	202	210	212	218	225	226	217	220	224	219	224	221	221	220	223	223	218	216	220	217	215	212	211	209	209	208	208	206	205	199	203	204	198	190	178	170	149	130	123	117	98	81	79	74	80	77	76	74	76	86	88	98	104	111	102	93	100	125	161	180	185	182	180	179	167	142	113	104	84	111	240	166	131	129	201	242	255	252	255	255	255	254	252	255	255	255	255	255	255	255	255	255
254	254	252	253	254	253	252	252	241	149	163	138	151	112	123	85	52	39	46	47	65	86	115	143	145	151	147	147	155	153	150	158	162	151	130	112	105	109	109	105	100	98	100	100	100	106	113	113	113	112	121	134	142	151	161	166	175	194	206	201	207	216	214	218	218	222	222	220	221	218	216	219	215	212	211	209	207	207	205	204	202	205	201	195	182	167	162	158	141	119	114	113	106	94	78	80	81	83	77	80	93	115	142	151	142	150	156	151	139	118	111	133	159	185	195	182	176	169	143	125	100	89	112	162	121	124	127	176	237	254	253	255	250	254	255	255	255	255	255	255	255	255	255	255	255
252	252	252	254	254	251	248	248	236	173	144	129	135	164	87	103	63	41	47	44	65	85	108	140	140	151	151	150	156	158	157	161	137	119	104	105	118	133	147	158	153	145	136	123	106	101	105	109	118	111	112	120	123	128	137	144	138	158	175	175	183	194	197	206	213	219	218	214	214	215	216	217	213	211	208	206	206	205	203	201	196	196	184	168	146	130	135	139	133	113	114	101	90	93	87	92	93	101	106	121	144	165	179	176	165	166	169	172	178	169	143	134	134	160	188	183	174	168	142	124	118	72	101	99	115	136	146	179	233	253	252	251	244	250	254	254	255	255	255	255	255	255	255	255	255
252	251	252	255	254	250	246	248	246	149	173	144	133	137	140	81	79	44	50	58	74	82	102	141	143	148	153	152	151	158	154	137	109	118	137	162	179	187	192	196	196	190	184	172	152	137	132	131	132	121	118	121	120	124	133	140	122	132	144	148	158	168	175	192	203	212	214	210	210	211	211	213	212	210	206	205	205	204	202	200	198	182	155	137	129	127	130	126	117	95	94	82	78	95	99	111	114	134	151	166	172	171	169	159	173	166	170	173	181	195	198	193	159	153	175	183	178	173	142	107	86	77	57	84	126	146	179	148	225	249	253	254	250	252	252	250	255	255	255	255	255	255	255	255	255
254	254	254	254	253	252	252	253	227	166	188	131	132	129	149	90	65	41	54	62	72	86	114	140	149	147	150	150	148	153	142	112	126	154	182	194	197	201	204	201	209	205	204	203	198	192	186	180	162	150	141	136	130	129	133	134	133	131	131	134	140	138	137	151	191	203	211	211	210	209	208	210	212	208	205	203	204	204	201	199	199	178	142	126	128	133	130	116	89	76	84	97	114	132	139	150	160	169	172	173	168	162	163	159	160	150	162	168	163	176	195	210	204	178	180	187	179	177	149	102	113	56	56	84	146	168	130	122	228	248	251	254	253	254	253	251	255	255	255	255	255	255	255	255	255
254	254	254	253	253	253	253	253	220	185	205	140	123	140	146	117	72	47	52	60	68	86	124	139	147	147	148	150	155	159	152	140	164	185	198	192	186	193	200	199	199	197	200	202	202	206	207	204	197	187	177	165	152	144	139	134	127	119	117	124	139	141	139	153	184	197	207	211	210	206	205	208	211	207	203	201	202	202	200	198	192	175	141	122	122	127	122	102	90	97	111	133	153	163	164	168	174	172	164	165	162	155	155	151	153	148	160	168	165	166	178	198	219	204	193	185	173	170	150	104	109	71	73	89	150	153	116	148	240	252	248	253	251	254	254	254	255	255	255	255	255	255	255	255	255
252	254	253	253	252	253	253	251	221	185	216	170	126	120	142	129	116	61	50	71	75	75	117	141	146	151	148	147	153	153	155	166	171	182	191	191	189	192	192	191	194	197	201	199	193	194	197	194	197	193	191	187	180	178	174	166	158	142	126	123	136	142	141	154	181	193	203	207	208	203	203	209	210	206	201	199	200	202	200	197	191	176	143	124	126	131	121	95	112	136	148	153	164	171	175	172	169	165	157	158	154	144	144	143	140	142	146	149	158	162	170	196	223	225	205	186	176	174	154	106	119	93	70	126	164	122	106	206	248	254	248	254	254	254	254	253	255	255	255	255	255	255	255	255	255
255	255	254	253	253	253	254	254	213	190	216	181	152	133	130	116	129	107	72	65	74	83	111	138	144	146	148	149	153	157	162	164	172	183	186	183	182	183	184	188	188	188	187	186	190	195	190	190	199	187	181	189	190	179	183	167	173	171	153	147	146	145	157	161	179	190	199	202	202	205	207	207	210	205	202	200	198	201	202	197	188	178	147	143	122	134	123	134	139	151	154	171	169	165	157	154	151	157	145	140	143	143	140	132	129	132	144	142	152	166	169	188	208	222	217	183	180	179	151	113	113	102	99	167	194	107	128	242	252	252	252	253	253	254	254	254	255	255	255	255	255	255	255	255	255
255	255	254	253	253	253	254	254	208	201	197	192	173	158	111	115	113	105	93	75	76	96	118	141	145	147	149	150	154	159	164	166	174	177	174	172	178	180	176	173	175	173	186	192	184	180	178	173	182	177	157	166	183	178	159	174	179	176	174	172	155	153	170	166	177	187	196	200	204	207	206	203	206	200	198	198	198	200	196	187	177	177	148	142	123	126	135	135	155	163	150	134	143	112	107	106	108	97	91	94	83	80	91	100	108	121	137	138	144	160	170	184	195	213	220	190	176	175	159	122	118	136	130	181	198	111	158	244	252	252	253	253	253	254	254	254	255	255	255	255	255	255	255	255	255
255	255	254	253	253	253	254	254	214	210	201	183	177	162	129	142	105	100	101	83	78	100	119	138	145	148	149	150	153	160	165	167	159	165	168	168	173	174	168	163	171	170	164	149	135	124	118	110	121	124	103	99	113	111	128	145	153	165	174	178	170	168	169	155	172	183	195	201	202	204	204	202	206	201	199	198	196	196	192	184	173	154	130	122	120	134	156	162	149	141	113	101	99	126	121	122	110	92	87	89	73	80	81	78	81	91	104	125	145	165	183	185	189	202	216	196	176	173	167	134	129	160	137	130	182	134	152	248	253	253	253	253	253	253	254	254	255	255	255	255	255	255	255	255	255
255	255	254	253	253	253	253	254	207	207	228	189	177	165	162	147	127	112	106	100	94	105	126	142	146	148	148	148	152	158	163	164	160	163	159	158	162	164	159	155	138	130	105	86	86	74	75	81	92	98	61	66	75	60	86	85	122	131	136	157	176	161	153	173	164	178	192	197	197	198	201	204	207	205	204	199	193	191	189	182	158	126	116	118	129	155	154	149	116	100	117	133	148	141	97	98	95	77	69	71	60	70	64	61	81	81	82	108	129	151	184	189	196	200	207	196	186	177	173	148	167	165	103	91	176	147	139	244	253	253	253	253	253	253	253	253	255	255	255	255	255	255	255	255	255
255	255	254	253	253	253	253	253	207	210	236	195	179	175	176	142	149	133	114	117	110	107	134	143	148	150	150	147	151	158	162	161	163	162	157	158	164	157	133	114	99	74	63	70	77	60	59	46	69	81	52	60	72	65	70	93	124	122	108	116	158	177	166	160	163	172	182	189	192	196	200	202	208	205	202	198	192	188	181	167	139	114	102	140	158	160	131	94	111	151	153	109	81	82	64	57	59	52	47	53	49	45	47	67	91	102	96	100	100	122	175	192	191	191	188	186	188	173	168	156	171	146	76	127	198	152	159	242	253	253	253	253	253	253	253	253	255	255	255	255	255	255	255	255	255
255	255	254	253	253	253	253	252	211	220	242	189	188	171	184	165	152	150	124	122	115	109	137	141	152	153	153	150	153	161	164	162	159	162	161	160	159	140	108	84	65	59	74	68	47	51	84	57	42	27	71	31	45	62	63	74	72	97	123	118	119	150	170	168	172	171	174	182	192	200	202	201	210	204	199	197	196	189	170	146	122	89	130	151	142	140	99	134	155	125	63	72	61	54	58	34	32	50	59	70	76	60	51	48	60	90	94	87	85	113	165	180	186	189	183	186	194	178	175	170	150	111	141	153	198	203	147	251	253	253	253	253	254	254	254	254	255	255	255	255	255	255	255	255	255
254	255	254	253	253	253	252	251	199	226	250	205	197	171	186	182	160	160	137	130	125	122	141	145	153	155	153	151	155	164	168	165	166	166	158	145	136	122	102	89	67	52	47	49	81	124	152	96	66	54	171	93	41	63	96	133	83	64	89	121	128	133	152	175	177	174	173	180	191	201	204	204	212	206	201	198	194	185	161	132	87	122	133	150	124	99	139	165	113	80	118	94	58	101	185	43	35	62	83	106	130	118	101	52	37	66	73	75	87	114	149	159	163	167	166	174	183	174	174	156	135	134	154	146	170	191	179	243	253	253	253	253	254	254	254	254	255	255	255	255	255	255	255	255	255
254	255	254	253	253	253	252	251	197	236	248	224	179	182	184	184	169	159	137	130	132	131	138	148	152	154	152	151	156	165	170	168	169	165	154	144	140	124	98	79	53	59	68	103	172	184	167	112	79	41	112	78	23	86	118	200	171	117	88	103	141	155	149	158	174	174	175	179	186	193	201	207	210	208	204	197	188	175	152	128	91	130	134	111	132	161	158	105	106	149	213	139	75	46	85	40	41	53	76	117	157	152	155	99	71	83	82	87	100	115	138	156	159	159	163	175	184	183	184	146	131	103	115	106	116	163	211	248	252	253	253	253	254	254	254	254	255	255	255	255	255	255	255	255	255
254	254	251	252	253	253	254	248	198	244	246	232	172	187	186	186	174	174	149	132	133	133	142	153	154	153	149	151	157	167	174	175	178	177	165	152	150	144	126	109	82	78	90	133	192	205	190	108	99	43	20	35	42	93	121	200	219	198	130	98	121	142	160	177	182	174	173	179	185	194	201	202	212	210	206	196	186	171	140	107	105	134	118	129	161	167	97	120	172	219	231	145	98	45	29	37	35	70	95	138	172	165	148	127	93	99	109	117	122	130	141	150	154	158	158	170	180	177	179	148	118	90	93	100	105	149	225	247	251	252	253	253	253	254	254	254	255	255	255	255	255	255	255	255	255
253	254	253	254	253	254	254	242	212	243	245	232	172	202	183	188	181	183	170	156	150	141	142	154	154	154	151	151	156	166	177	180	181	181	177	173	175	170	153	139	137	127	112	110	139	160	182	138	113	70	65	52	82	96	152	203	217	209	191	151	104	109	159	187	188	179	174	178	184	194	203	206	211	210	206	196	184	167	135	102	113	122	112	190	178	95	131	189	205	232	231	193	131	80	57	63	67	102	133	158	165	145	123	106	97	117	138	143	140	140	146	149	141	150	151	163	178	179	180	140	100	85	91	98	111	144	222	249	252	252	253	253	253	254	254	254	255	255	255	255	255	255	255	255	255
253	254	254	254	251	254	253	232	215	251	246	226	165	214	194	189	186	186	183	178	171	155	144	156	155	156	154	151	153	162	175	183	178	180	178	180	185	179	165	156	161	150	149	150	129	99	136	155	122	124	112	92	109	136	196	215	206	195	188	178	158	137	145	176	187	179	177	182	189	197	204	204	210	209	206	196	182	165	134	101	115	136	141	190	140	96	182	207	215	225	226	229	172	125	108	102	102	117	138	138	124	119	121	130	135	158	172	165	155	154	154	149	148	154	156	164	180	185	184	139	94	84	86	93	112	140	222	250	252	253	253	253	254	254	254	254	255	255	255	255	255	255	255	255	255
254	254	254	254	251	254	252	221	214	253	246	216	156	206	208	200	197	189	190	194	190	171	151	156	158	157	154	151	151	158	170	178	179	179	179	181	185	181	171	167	165	160	160	170	171	154	151	126	111	143	135	135	124	145	161	157	161	152	136	140	170	158	141	181	191	182	180	185	190	196	200	199	208	208	206	196	183	167	139	110	133	123	164	155	103	139	151	168	181	171	179	188	184	160	158	141	128	123	145	144	130	131	137	155	160	169	167	154	146	150	152	148	152	154	154	164	176	181	184	140	94	81	84	94	112	143	228	249	253	253	253	254	254	254	254	254	255	255	255	255	255	255	255	255	255
253	253	252	254	252	254	252	217	223	240	244	189	140	197	211	213	210	203	206	212	207	184	162	160	160	156	154	151	152	158	166	171	179	179	179	182	187	183	178	178	166	181	182	174	173	175	175	145	145	153	158	167	158	143	137	135	148	149	152	149	166	187	194	212	204	192	185	184	185	191	198	199	207	206	205	196	183	169	144	119	129	137	145	170	155	165	173	164	168	162	180	162	158	142	159	174	144	125	149	159	152	148	138	145	147	148	146	141	141	148	153	155	151	150	154	169	178	181	189	149	85	73	86	97	110	154	238	249	253	253	254	254	254	254	255	255	255	255	255	255	255	255	255	255	255
253	252	251	253	253	254	250	219	228	231	242	141	105	191	211	210	207	211	215	225	218	193	179	170	161	157	153	154	155	159	165	169	175	179	180	183	187	183	178	179	184	182	179	182	179	172	177	175	182	174	175	177	174	162	155	157	153	156	171	175	176	195	208	208	203	194	189	188	188	193	199	201	206	205	204	195	182	168	146	124	127	142	154	172	204	211	212	201	194	178	181	173	179	176	175	193	183	154	158	160	152	145	128	127	134	140	149	155	155	155	156	160	155	156	164	181	187	188	195	157	82	76	88	92	107	170	244	253	253	253	254	254	254	255	255	255	255	255	255	255	255	255	255	255	255
250	254	252	253	254	254	246	222	231	232	219	104	70	160	206	200	197	207	208	223	218	199	195	176	161	157	154	155	157	160	164	168	176	182	185	186	188	187	182	182	176	181	183	187	187	187	192	194	195	200	196	195	186	187	175	164	162	165	169	176	177	179	194	205	195	191	192	194	193	195	200	201	204	204	203	196	182	168	148	127	131	142	143	162	196	197	207	200	189	181	180	179	174	166	163	168	165	148	151	150	148	151	145	140	143	150	158	163	161	156	155	156	161	161	169	184	187	189	197	153	83	83	85	86	120	202	249	254	253	254	254	254	255	255	255	255	255	255	255	255	255	255	255	255	255
249	254	254	254	254	251	241	223	237	230	185	97	56	115	196	200	195	205	197	215	215	201	202	176	162	158	156	155	156	157	162	167	172	179	182	182	184	186	186	188	188	184	177	179	182	186	190	192	194	199	195	187	189	181	185	172	172	172	170	181	186	193	208	199	199	194	193	192	189	191	198	201	203	203	203	196	183	169	148	128	128	141	154	162	170	193	197	200	196	192	191	190	188	183	195	178	184	178	175	161	153	159	158	154	158	160	160	158	159	160	161	161	165	168	174	183	186	194	203	156	75	84	82	89	147	239	253	252	254	254	254	254	255	255	255	255	255	255	255	255	255	255	255	255	255
252	252	253	254	253	253	222	218	237	197	126	81	64	73	134	205	198	201	201	203	210	208	187	186	167	152	157	161	152	154	161	167	171	176	179	181	186	187	188	192	193	191	189	186	185	184	184	184	188	190	189	187	184	182	177	173	168	170	178	185	192	206	211	203	195	195	194	193	190	190	193	198	201	206	204	193	184	173	152	129	127	134	154	169	174	176	185	202	198	197	196	195	191	185	184	185	178	173	170	168	166	163	165	169	171	167	164	163	162	161	161	162	170	169	176	187	189	196	205	149	60	75	76	113	198	246	252	252	255	255	255	255	255	255	255	255	255	255	255	255	255	255	255	255	255
253	254	254	250	253	250	220	223	241	164	74	72	68	43	105	183	193	196	194	194	202	206	195	193	170	155	160	160	152	156	161	165	170	175	177	180	186	188	189	193	192	195	198	199	198	195	192	191	183	184	184	179	176	175	173	170	179	185	195	201	205	207	201	192	192	192	192	193	192	192	197	202	199	205	203	194	185	174	157	139	126	131	151	167	175	177	180	193	192	191	191	193	190	188	187	189	188	188	190	191	188	182	179	178	173	169	164	164	163	162	163	164	170	176	183	185	184	195	212	146	65	63	92	170	237	250	247	253	255	255	255	255	255	255	255	255	255	255	255	255	255	255	255	255	255
254	254	253	254	253	236	205	232	226	126	57	75	76	42	79	159	195	197	193	191	193	193	188	187	173	161	161	159	154	160	164	165	170	174	176	179	185	188	189	194	194	197	199	201	200	198	197	198	197	198	197	192	190	191	192	193	199	204	208	212	214	209	202	199	194	194	194	194	193	193	197	202	198	203	203	196	186	175	161	150	128	129	145	161	174	179	181	190	196	194	195	197	198	198	197	197	193	194	194	193	189	186	182	178	175	170	165	164	162	163	164	166	171	177	181	186	188	194	210	124	71	89	144	222	250	248	251	253	255	255	255	255	255	255	255	255	255	255	255	255	255	255	255	255	255
253	254	250	245	253	239	209	219	181	83	68	71	66	50	48	134	176	179	179	193	194	184	185	188	174	163	161	157	156	164	166	166	173	175	175	178	184	187	189	192	196	198	201	201	199	199	201	203	199	199	198	196	195	197	200	203	204	208	206	207	208	201	196	202	196	195	195	195	194	194	197	201	200	202	202	197	188	176	163	152	139	132	139	152	167	178	182	190	194	194	194	197	199	199	198	196	198	200	199	194	192	190	185	178	177	171	166	163	161	162	163	166	172	173	176	188	191	191	206	109	66	120	183	237	246	247	253	254	255	255	255	255	255	255	255	255	255	255	255	255	255	255	255	255	255
251	252	252	253	247	218	212	231	141	68	83	70	59	54	35	114	164	171	165	196	202	189	183	185	177	166	161	155	157	165	165	167	172	175	175	177	184	186	189	193	197	201	206	210	209	208	208	208	205	204	201	199	198	198	201	203	204	208	208	209	210	199	192	197	195	194	194	196	195	196	199	203	200	201	199	196	190	178	163	151	148	138	138	146	160	174	179	187	191	192	194	195	199	200	200	198	198	203	205	204	203	199	190	181	178	172	166	162	160	159	160	164	169	176	176	186	187	194	205	102	57	131	188	238	249	250	252	251	255	255	255	255	255	255	255	255	255	255	255	255	255	255	255	255	255
250	250	252	253	231	203	222	221	96	75	80	59	49	50	35	63	165	184	166	203	212	205	189	182	182	169	162	155	157	163	161	166	168	172	175	178	184	187	191	197	199	202	207	210	211	213	215	218	220	217	214	212	209	208	208	208	208	210	210	211	209	203	199	201	197	195	195	196	197	196	198	201	199	199	197	194	191	182	166	151	147	137	138	144	157	171	177	185	190	193	195	198	202	206	207	205	198	199	199	201	201	199	192	186	180	173	166	161	159	158	159	163	165	175	170	178	186	205	194	77	76	157	202	240	249	251	252	254	255	255	255	255	255	255	255	255	255	255	255	255	255	255	255	255	255
251	253	243	233	214	222	230	135	79	92	76	55	55	54	46	36	129	183	165	201	210	222	207	195	186	172	162	156	157	158	157	165	165	172	176	179	184	187	192	199	201	203	204	206	211	215	220	223	219	214	209	207	206	205	204	205	207	204	204	203	199	199	201	200	199	197	196	197	197	195	196	198	198	201	198	193	191	185	170	153	146	139	141	145	156	169	176	185	184	189	192	194	198	200	202	201	203	198	198	199	201	199	195	192	181	175	167	162	159	159	160	164	164	168	163	181	189	209	183	79	118	190	220	246	246	248	254	254	255	255	255	255	255	255	255	255	255	255	255	255	255	255	255	255	255
252	246	236	241	213	202	204	84	83	84	57	47	53	44	38	37	85	174	163	192	194	223	212	198	186	173	161	156	157	156	154	166	166	172	177	179	184	186	191	199	199	202	208	213	218	220	222	221	216	210	204	205	207	207	207	209	209	205	206	205	197	198	199	193	196	194	195	196	197	197	198	201	198	203	201	193	190	186	173	155	154	146	146	148	155	166	172	182	185	189	193	193	195	196	198	196	201	197	199	204	206	200	192	188	181	175	168	164	161	161	162	165	166	168	167	192	188	202	188	120	149	194	211	250	252	249	253	253	255	255	255	255	255	255	255	255	255	255	255	255	255	255	255	255	255
252	251	241	194	220	220	124	111	87	66	49	52	42	35	53	42	54	142	176	179	185	203	202	194	184	168	160	160	159	158	163	166	170	172	176	180	184	189	193	196	197	204	209	214	218	221	223	222	215	207	204	207	211	209	209	210	209	207	206	205	202	197	196	197	196	196	195	194	196	199	200	197	198	202	200	196	195	187	177	169	154	146	144	147	150	158	170	176	182	190	191	190	193	198	197	196	198	200	202	203	206	203	197	189	183	178	172	167	162	161	163	166	160	171	170	180	197	204	184	176	149	163	220	252	248	252	253	253	255	255	255	255	255	255	255	255	255	255	255	255	255	255	255	255	255
235	213	211	212	160	198	208	122	68	54	49	45	48	44	51	45	32	98	182	188	196	187	193	194	180	171	163	159	159	162	168	166	170	172	176	180	184	189	193	196	199	204	210	215	219	222	221	218	213	208	207	210	212	209	208	209	210	209	207	205	203	200	198	199	196	196	196	195	197	199	199	197	198	203	202	198	195	189	177	170	160	152	145	140	138	148	167	178	185	193	195	193	195	196	197	198	204	204	205	206	207	206	200	193	184	180	175	170	164	162	162	165	163	170	168	176	198	212	183	156	141	163	227	247	241	247	252	253	255	255	255	255	255	255	255	255	255	255	255	255	255	255	255	255	255
197	159	169	138	203	247	199	84	57	54	49	45	48	51	42	45	33	74	189	194	196	182	192	193	184	176	167	161	160	163	166	167	170	173	177	181	185	189	193	197	201	205	210	216	220	222	218	214	213	212	213	215	214	211	211	212	212	211	209	207	204	200	198	197	195	195	195	195	197	200	200	198	197	202	202	199	198	191	181	174	163	156	147	134	125	134	158	175	181	193	198	198	198	198	199	202	206	206	205	205	205	205	200	195	185	182	178	173	167	163	162	164	164	171	171	177	199	216	178	139	150	161	228	250	253	251	250	253	255	255	255	255	255	255	255	255	255	255	255	255	255	255	255	255	255
154	130	110	138	188	167	142	48	55	63	46	49	44	54	40	50	50	52	152	194	195	194	192	186	189	179	167	161	160	158	160	167	170	174	177	182	186	190	193	197	202	205	211	216	219	219	216	213	213	214	216	217	215	213	214	216	216	215	211	206	201	198	194	191	193	194	194	197	199	200	200	199	197	203	203	200	200	194	183	176	161	153	147	136	122	123	144	164	178	192	201	201	199	197	198	202	205	204	203	201	202	201	198	196	187	184	179	175	168	163	164	167	164	173	180	185	200	212	172	139	150	161	229	248	254	251	246	253	255	255	255	255	255	255	255	255	255	255	255	255	255	255	255	255	255
172	148	118	104	115	107	70	63	55	61	40	47	44	49	57	62	49	44	124	197	202	199	191	183	186	183	170	158	157	158	160	166	171	174	178	183	187	191	195	198	201	206	211	214	216	214	214	215	212	215	216	215	214	214	215	217	221	215	208	202	197	192	190	190	193	193	194	197	200	201	200	199	200	206	204	202	200	195	184	177	161	151	147	143	128	120	135	155	175	190	200	201	199	195	195	200	203	203	201	199	199	200	197	195	187	184	179	174	168	164	167	170	169	175	185	192	203	207	168	150	157	190	248	245	249	251	250	253	255	255	255	255	255	255	255	255	255	255	255	255	255	255	255	255	255
228	223	187	136	93	84	52	49	66	52	42	51	51	46	71	65	50	14	64	161	200	183	180	192	188	194	179	157	156	162	162	161	171	173	178	183	187	192	196	198	201	205	210	213	212	210	211	215	214	217	217	216	215	217	217	214	215	206	197	194	192	189	191	196	193	193	194	198	200	202	201	202	205	210	208	204	202	194	183	177	165	153	149	149	137	126	133	147	167	179	188	194	195	194	196	203	202	202	201	199	199	200	198	194	186	183	178	173	167	164	168	173	178	179	186	194	207	207	169	172	199	226	253	250	254	254	254	254	255	255	255	255	255	255	255	255	255	255	255	255	255	255	255	255	255
242	244	200	217	175	126	75	116	90	54	51	74	56	55	71	56	39	37	45	71	142	200	203	179	187	192	178	161	160	160	158	164	171	174	179	184	188	192	196	199	202	204	208	212	211	209	209	212	212	215	217	216	217	216	211	203	195	185	182	188	191	188	192	199	196	194	195	199	202	203	204	205	208	212	210	204	202	195	185	178	168	157	151	150	143	136	136	137	154	164	172	180	186	190	195	203	199	200	200	199	198	198	195	191	184	181	177	172	166	163	167	173	183	187	192	198	209	208	178	200	232	244	249	249	255	252	249	253	255	255	255	255	255	255	255	255	255	255	255	255	255	255	255	255	255
251	253	244	250	251	141	113	212	110	61	57	100	56	71	63	48	30	54	46	33	65	127	146	171	181	176	166	163	164	155	153	170	170	173	179	184	188	192	196	200	203	203	206	210	211	208	207	208	208	212	214	214	215	213	203	191	174	166	171	186	193	190	190	198	197	195	195	200	203	204	205	206	209	213	211	205	202	197	186	180	168	159	153	151	147	144	137	128	150	157	162	169	177	183	189	197	196	197	198	197	196	194	191	186	183	180	177	172	165	163	166	172	185	194	201	200	209	207	185	221	236	255	253	249	254	253	253	252	255	255	255	255	255	255	255	255	255	255	255	255	255	255	255	255	255
253	240	252	244	250	119	185	231	88	56	89	101	65	73	60	46	40	52	57	56	43	42	71	88	94	93	97	161	165	160	163	168	172	175	179	182	187	192	195	196	198	202	207	210	208	206	206	206	208	203	208	210	202	197	182	159	164	172	192	203	186	184	197	191	193	190	194	197	201	202	201	204	205	210	212	208	203	197	186	175	173	165	160	161	149	142	143	125	131	158	173	168	164	169	180	188	190	192	194	194	191	188	186	186	181	177	175	173	166	162	165	172	184	193	200	212	211	221	232	246	254	253	253	253	253	251	251	252	255	255	255	255	255	255	255	255	255	255	255	255	255	255	255	255	255
252	241	252	239	186	127	244	197	66	61	113	80	72	63	50	41	58	48	41	55	58	47	47	40	33	31	57	152	162	162	168	168	171	175	179	182	186	191	194	194	195	199	204	206	207	205	204	205	202	209	205	197	189	170	156	160	181	197	203	201	191	185	192	193	191	190	194	191	195	201	203	206	209	217	221	214	204	195	188	181	166	160	159	167	158	146	142	125	108	139	167	171	167	164	165	170	179	186	190	188	186	188	188	185	181	177	173	170	164	162	168	176	186	202	208	206	203	230	250	253	252	253	254	254	252	250	251	254	255	255	255	255	255	255	255	255	255	255	255	255	255	255	255	255	255
241	253	245	252	152	170	246	137	51	88	125	69	77	52	48	44	46	44	47	60	59	52	54	53	50	37	59	166	164	162	166	163	170	174	178	181	185	189	192	192	193	197	201	203	203	202	202	202	201	200	194	185	168	144	150	182	202	212	203	200	202	189	184	191	194	195	200	198	200	208	203	202	210	217	220	217	211	203	188	174	177	178	183	188	174	155	144	126	81	122	161	178	175	167	163	166	170	179	184	181	182	187	188	184	178	175	171	167	162	161	169	178	184	201	209	200	192	226	251	251	251	252	254	254	251	249	251	254	255	255	255	255	255	255	255	255	255	255	255	255	255	255	255	255	255
249	253	245	235	115	226	242	77	75	124	106	73	70	43	50	50	33	50	63	58	46	48	60	63	53	40	49	158	161	162	166	169	168	173	177	180	183	187	189	190	193	195	198	200	200	199	198	196	198	186	181	168	145	148	179	202	206	209	200	206	211	190	181	189	189	187	190	188	189	199	203	212	214	220	220	213	205	201	197	191	184	198	209	205	187	168	145	118	65	111	157	175	176	173	169	169	165	171	175	176	179	184	184	179	173	172	171	167	162	161	167	175	188	194	203	206	198	226	249	249	252	253	254	255	253	251	253	255	255	255	255	255	255	255	255	255	255	255	255	255	255	255	255	255	255
253	246	251	182	127	248	195	75	122	129	72	66	55	42	44	47	43	51	61	56	54	62	62	53	52	52	49	152	167	165	159	165	167	172	176	178	180	184	186	187	191	193	195	197	198	198	195	194	191	180	164	143	143	176	202	197	201	204	205	212	206	189	181	175	190	183	185	187	188	191	196	209	213	213	210	206	205	203	192	179	187	195	190	169	156	152	128	97	61	108	151	164	167	171	171	169	164	163	164	171	177	179	177	175	174	172	170	166	162	161	166	171	183	182	190	200	198	229	252	253	254	252	252	254	255	254	254	255	255	255	255	255	255	255	255	255	255	255	255	255	255	255	255	255	255
246	247	251	160	164	241	123	99	140	93	54	52	49	52	43	45	48	48	58	59	62	70	68	64	37	49	40	137	168	164	158	166	167	171	175	176	177	180	184	185	188	189	192	194	196	195	192	188	184	169	143	142	173	196	198	197	201	202	201	202	198	196	184	154	131	113	114	135	163	184	192	203	206	206	202	198	198	195	182	168	176	167	148	122	117	116	85	52	70	112	148	159	164	172	174	172	167	161	160	167	173	174	174	174	174	171	167	163	160	162	166	170	175	175	176	181	189	229	252	253	255	253	252	254	255	255	255	254	255	255	255	255	255	255	255	255	255	255	255	255	255	255	255	255	255
251	251	250	157	164	218	102	88	107	59	56	51	48	54	48	45	46	53	66	59	51	58	61	63	50	57	43	135	168	159	158	168	166	170	173	174	175	177	181	183	187	187	189	192	193	191	185	181	172	153	142	165	197	199	192	202	203	201	193	193	197	199	190	163	145	120	107	114	136	159	173	188	198	203	200	185	172	170	176	178	146	111	71	46	50	64	59	59	93	124	151	161	164	168	170	172	167	162	157	157	161	164	167	169	167	165	162	160	159	163	166	167	172	177	174	179	193	233	252	254	254	254	254	254	254	254	254	254	255	255	255	255	255	255	255	255	255	255	255	255	255	255	255	255	255
251	248	236	152	201	187	76	74	64	48	63	61	46	43	51	41	45	58	72	58	53	67	62	52	53	53	41	134	167	154	160	167	166	170	173	172	172	176	180	183	187	187	188	190	190	186	179	174	155	148	161	183	191	195	200	197	199	201	196	199	199	193	196	198	191	186	184	169	153	148	155	173	179	176	169	166	170	172	159	142	99	67	51	55	72	81	84	104	116	136	154	162	161	158	158	164	162	160	154	145	145	152	157	159	158	157	157	158	161	163	164	163	164	169	170	184	201	234	250	254	254	254	254	254	254	254	254	254	255	255	255	255	255	255	255	255	255	255	255	255	255	255	255	255	255
248	253	241	154	189	147	73	68	50	58	80	60	41	37	53	38	54	65	74	52	51	67	55	49	62	50	41	119	171	155	158	163	164	168	170	172	173	177	179	179	180	184	184	185	188	182	173	167	155	161	174	184	186	192	196	191	198	201	201	199	196	197	198	198	194	193	190	185	174	160	151	148	154	154	159	164	169	161	126	85	62	70	81	90	101	114	126	133	140	151	153	161	159	155	166	162	161	159	153	142	134	133	141	149	152	156	156	152	151	157	164	166	170	174	175	193	197	235	250	254	253	253	253	253	254	254	254	255	255	255	255	255	255	255	255	255	255	255	255	255	255	255	255	255	255
245	247	252	160	132	85	54	64	58	84	104	58	47	53	45	48	62	71	71	53	58	69	51	52	60	47	39	115	173	154	158	161	165	168	170	172	174	178	179	179	181	183	181	180	181	177	168	165	167	171	180	189	192	194	196	195	195	197	198	197	196	198	200	200	195	194	191	187	184	178	166	156	141	129	127	131	124	108	87	72	72	82	96	107	120	133	146	152	156	157	160	159	158	158	160	163	157	155	152	147	141	135	131	131	137	145	153	155	155	158	164	170	182	185	182	193	197	235	251	254	253	253	253	253	254	254	254	254	255	255	255	255	255	255	255	255	255	255	255	255	255	255	255	255	255
251	238	209	116	92	78	61	60	66	97	104	60	40	50	47	44	73	74	64	52	67	67	49	59	60	44	34	103	173	152	162	161	168	169	171	172	175	179	179	176	179	180	178	176	176	171	164	162	168	173	180	188	195	195	195	198	195	196	197	198	199	201	203	202	202	203	200	194	192	189	177	162	151	125	105	100	96	89	87	87	95	107	122	134	145	153	161	164	160	156	162	157	160	166	158	167	159	158	156	154	151	148	149	152	142	145	148	150	151	156	167	177	191	194	190	195	201	237	252	254	253	253	254	254	254	254	254	254	255	255	255	255	255	255	255	255	255	255	255	255	255	255	255	255	255
213	156	138	148	152	101	66	72	82	86	56	39	49	61	61	58	79	68	59	55	67	64	53	64	58	42	33	91	168	152	165	165	170	172	172	172	175	179	178	174	175	176	175	174	174	168	163	163	171	181	185	190	199	201	198	199	190	192	194	196	197	200	202	202	203	208	209	207	205	203	197	189	173	158	143	133	125	121	114	106	121	131	144	152	157	161	161	161	163	160	160	157	161	162	154	159	154	154	153	150	147	153	167	180	167	161	155	153	154	159	171	183	191	196	193	195	206	241	253	254	254	254	254	254	254	254	254	254	255	255	255	255	255	255	255	255	255	255	255	255	255	255	255	255	255
146	177	242	253	162	73	66	72	91	81	64	46	82	58	38	69	78	59	57	62	62	59	60	65	54	42	41	82	162	155	165	166	170	172	172	171	175	180	180	176	175	175	171	169	169	165	164	168	172	184	188	190	199	202	197	195	192	195	199	201	203	203	206	208	200	200	202	204	203	201	198	196	192	186	177	164	152	153	157	156	157	162	166	168	169	170	170	169	162	162	156	161	164	160	163	160	151	151	148	143	144	155	173	185	183	179	175	170	165	165	175	187	191	196	191	195	213	244	254	254	254	255	254	254	254	254	254	254	255	255	255	255	255	255	255	255	255	255	255	255	255	255	255	255	255
255	249	250	250	169	75	66	69	60	84	42	109	74	62	63	86	71	55	58	64	58	56	62	59	45	46	55	79	152	159	161	165	170	173	172	171	174	181	183	180	180	176	169	164	165	164	168	176	176	185	189	191	198	202	199	195	199	198	198	199	198	197	196	198	204	200	199	206	212	213	212	213	195	190	193	199	197	189	185	183	182	180	177	173	172	173	173	172	173	169	158	163	156	148	155	147	154	151	144	139	148	167	183	189	183	187	186	178	166	164	178	191	192	194	189	193	219	248	255	254	254	254	254	254	255	254	254	254	255	255	255	255	255	255	255	255	255	255	255	255	255	255	255	255	255
249	255	242	251	192	79	60	75	87	49	113	114	75	76	81	72	59	57	58	62	58	55	54	47	41	50	69	73	140	162	156	166	170	174	173	171	173	181	184	182	181	177	170	167	167	168	173	185	190	188	192	199	200	199	198	196	184	179	173	173	173	171	170	169	177	177	180	186	196	207	213	215	216	198	190	197	197	189	183	180	166	162	156	152	151	151	149	146	142	133	137	143	135	135	144	139	128	134	138	140	156	182	195	192	186	190	187	174	162	163	176	189	190	189	186	195	226	250	254	254	254	254	254	254	255	254	254	254	255	255	255	255	255	255	255	255	255	255	255	255	255	255	255	255	255
243	255	246	251	190	84	67	55	57	73	169	173	97	81	88	49	49	59	58	56	58	53	45	37	41	55	77	68	128	161	153	169	172	176	176	171	172	179	183	181	180	178	174	173	175	174	180	190	199	187	189	197	191	184	183	184	167	158	150	151	157	158	158	157	159	167	169	167	169	180	190	194	191	179	174	175	171	160	152	149	141	138	134	134	136	136	131	125	133	116	128	125	105	102	98	93	94	118	141	154	173	195	201	194	193	194	187	175	167	168	174	178	185	185	183	197	233	253	254	253	253	254	254	254	255	254	254	254	255	255	255	255	255	255	255	255	255	255	255	255	255	255	255	255	255
249	252	251	249	205	112	57	57	43	143	202	202	111	66	67	51	48	57	55	57	62	46	33	42	53	61	78	57	89	166	160	163	172	172	182	176	173	176	175	184	181	181	179	177	178	183	189	193	198	195	190	191	197	178	144	137	124	113	119	127	140	145	141	156	148	157	177	179	180	186	179	176	176	172	169	162	149	141	140	140	137	139	133	134	136	130	124	127	118	111	99	77	62	69	35	56	91	146	172	166	177	192	195	202	198	198	188	170	162	167	173	173	176	180	184	207	243	255	253	255	254	254	254	254	254	254	254	254	255	255	255	255	255	255	255	255	255	255	255	255	255	255	255	255	255
250	253	243	230	214	173	87	43	59	167	233	206	99	66	61	56	56	61	58	54	51	38	33	45	64	62	76	57	73	148	161	161	169	173	181	175	172	178	178	187	185	184	184	183	185	189	193	193	190	181	200	195	158	126	90	61	56	65	80	90	102	123	138	148	140	146	158	161	168	171	165	169	166	163	158	152	146	143	144	148	148	144	130	122	117	113	108	102	84	86	49	37	37	24	32	105	145	172	179	174	184	193	194	200	197	195	186	170	162	165	170	171	171	177	193	216	251	255	255	253	254	254	254	254	254	254	254	254	255	255	255	255	255	255	255	255	255	255	255	255	255	255	255	255	255
228	249	251	243	220	179	78	48	76	117	234	167	76	62	57	55	62	61	57	49	39	33	40	53	59	64	63	58	56	115	169	159	166	173	183	178	175	178	179	184	188	188	188	189	192	196	196	193	197	188	194	170	121	64	24	27	45	78	106	128	154	175	170	145	138	150	155	146	149	155	153	160	146	144	136	132	136	133	130	134	121	114	110	109	101	96	101	95	85	64	40	44	23	22	100	164	183	180	175	180	191	195	194	199	195	191	181	169	161	161	165	168	169	180	202	232	253	255	254	254	254	254	254	254	254	254	254	254	255	255	255	255	255	255	255	255	255	255	255	255	255	255	255	255	255
125	155	208	241	232	177	77	71	101	70	146	89	58	61	60	63	59	53	49	43	35	37	51	61	44	67	49	64	49	80	163	160	161	169	180	184	181	177	178	184	188	190	192	193	194	197	196	193	198	183	193	178	136	80	25	17	62	113	139	156	185	208	210	189	185	205	204	173	152	159	163	156	154	148	133	131	142	140	133	137	128	122	129	136	122	106	124	126	90	55	47	37	24	70	160	181	181	168	168	182	193	196	195	197	193	185	174	166	159	158	161	167	171	185	208	248	251	254	251	254	254	254	254	254	254	254	254	254	255	255	255	255	255	255	255	255	255	255	255	255	255	255	255	255	255
126	101	97	98	118	119	81	89	83	82	62	60	66	58	60	70	54	44	42	40	37	45	57	58	48	63	51	72	53	55	129	161	159	164	175	187	185	175	178	187	186	190	195	195	195	195	195	195	185	197	195	180	187	156	74	35	88	133	142	152	185	207	211	202	202	222	230	216	196	210	225	212	212	201	182	179	196	198	191	194	161	167	186	195	175	148	159	146	92	40	53	33	40	130	192	167	167	164	173	187	194	195	195	193	191	180	169	164	158	156	160	167	171	186	218	251	255	250	250	254	254	254	254	254	254	254	254	254	255	255	255	255	255	255	255	255	255	255	255	255	255	255	255	255	255
214	171	130	90	73	74	71	72	69	75	54	64	76	76	69	56	51	41	40	41	42	50	54	48	60	50	62	76	55	51	88	152	161	165	171	184	183	172	176	184	185	192	196	196	194	195	196	196	200	185	193	194	187	185	151	96	154	168	158	155	180	200	203	200	208	217	227	228	216	221	232	219	233	223	209	214	227	226	215	213	201	209	215	206	184	159	170	148	67	57	59	47	117	182	174	174	160	168	182	190	192	194	194	191	185	175	166	161	159	158	162	168	171	192	234	247	254	244	252	254	254	254	254	254	254	254	254	254	255	255	255	255	255	255	255	255	255	255	255	255	255	255	255	255	255
244	234	224	204	134	89	88	80	90	68	106	94	83	104	79	41	50	46	44	46	47	51	50	44	57	48	69	72	51	56	70	113	153	162	168	180	181	174	179	179	185	190	195	196	196	196	196	195	194	192	190	199	200	187	173	154	155	165	189	195	187	189	186	177	208	220	222	225	225	225	231	226	228	218	214	222	229	224	213	206	195	206	214	205	176	130	129	100	59	53	78	113	161	177	165	160	159	171	182	187	190	192	191	187	177	170	161	158	157	159	161	165	176	213	248	247	254	250	253	253	253	253	253	253	254	254	254	254	255	255	255	255	255	255	255	255	255	255	255	255	255	255	255	255	255
252	251	247	250	167	118	121	104	76	108	186	175	99	100	65	46	50	50	50	50	51	51	49	43	46	58	70	68	45	55	69	66	135	153	163	176	183	181	185	178	185	189	193	195	197	197	195	194	191	201	190	198	207	196	188	174	162	152	187	198	179	184	180	158	175	202	197	194	207	213	222	228	224	213	209	215	216	215	212	209	192	186	177	163	131	82	102	101	84	71	107	175	177	156	167	154	162	173	181	185	190	192	186	182	169	164	158	155	155	157	160	162	183	236	251	252	242	253	253	253	253	253	253	253	254	254	254	254	255	255	255	255	255	255	255	255	255	255	255	255	255	255	255	255	255
239	251	236	200	197	182	95	113	94	117	187	204	149	116	57	51	54	54	50	48	50	53	52	50	48	56	69	56	41	56	62	46	91	136	172	159	170	191	179	177	181	188	192	195	198	196	195	198	194	190	189	192	196	195	188	176	167	156	167	174	188	207	197	176	198	203	186	179	200	205	195	198	200	193	184	191	201	189	176	180	167	148	140	163	150	119	130	144	119	117	143	158	164	161	145	151	163	181	186	188	188	189	187	173	160	162	150	155	162	153	158	165	205	248	246	254	248	250	253	254	253	253	254	254	254	253	253	253	255	255	255	255	255	255	255	255	255	255	255	255	255	255	255	255	255
247	222	181	251	242	167	141	119	163	134	131	134	219	147	67	58	58	51	47	47	53	53	46	49	41	63	74	52	45	55	56	63	62	108	150	165	169	176	178	176	178	185	190	193	196	194	192	196	193	189	189	192	195	197	191	180	182	172	159	157	184	203	189	183	219	220	203	201	224	224	204	197	224	218	201	204	223	209	185	189	198	182	164	182	178	142	135	145	139	143	157	149	147	154	146	150	170	181	184	186	187	185	182	169	160	151	165	161	154	153	158	187	214	244	246	253	248	253	254	252	253	253	254	254	254	253	253	253	255	255	255	255	255	255	255	255	255	255	255	255	255	255	255	255	255
229	224	227	237	218	227	204	150	195	157	126	146	229	161	78	67	60	51	51	51	56	51	41	54	48	57	65	47	51	63	54	63	48	77	112	163	174	164	176	176	175	182	187	190	194	192	190	192	191	190	190	193	196	198	197	189	184	176	162	154	168	173	163	164	189	191	186	195	217	219	201	194	218	219	199	201	223	213	187	194	198	188	165	176	180	146	133	143	150	149	151	136	134	148	151	158	177	181	179	182	183	179	175	163	159	155	162	155	154	158	169	217	218	230	248	251	248	253	254	251	254	254	255	254	254	254	254	254	255	255	255	255	255	255	255	255	255	255	255	255	255	255	255	255	255
222	253	253	216	208	250	244	207	172	168	165	197	168	140	75	61	56	53	58	54	53	47	40	60	59	48	59	51	52	70	61	55	59	62	74	133	167	165	167	175	172	179	184	188	192	191	189	191	192	190	192	195	197	200	201	197	189	178	178	175	163	161	163	157	162	163	160	167	179	181	175	174	195	198	185	183	196	185	170	178	169	165	148	151	155	140	137	145	146	135	133	131	136	148	155	170	177	177	172	176	177	171	167	159	157	160	151	152	154	165	195	238	216	212	250	254	249	252	252	253	254	254	255	255	254	254	254	254	255	255	255	255	255	255	255	255	255	255	255	255	255	255	255	255	255
243	250	229	227	244	250	243	248	195	185	198	201	145	122	78	63	53	53	58	53	49	45	42	57	53	52	66	60	57	68	62	62	67	62	50	79	133	168	160	169	170	176	180	184	189	190	189	191	192	190	192	193	194	199	201	198	199	185	180	177	168	168	174	169	161	160	159	160	164	167	167	166	170	169	165	165	168	165	162	164	179	174	164	159	153	148	148	142	139	132	136	142	147	151	160	176	174	173	169	173	173	166	164	160	151	155	150	157	157	174	200	239	226	201	245	254	251	250	249	255	254	254	255	255	255	254	254	254	255	255	255	255	255	255	255	255	255	255	255	255	255	255	255	255	255
254	234	228	235	253	253	242	252	237	194	197	176	125	90	64	55	60	55	53	54	50	46	48	51	46	64	64	56	67	67	57	68	61	67	46	36	90	161	154	165	167	172	175	179	185	188	188	191	190	189	190	191	192	196	199	195	193	197	181	173	170	162	162	170	176	176	183	190	193	196	189	174	182	174	169	170	171	176	175	168	163	157	156	156	154	158	155	141	134	144	152	152	152	158	167	175	171	172	170	173	170	163	162	161	147	153	148	150	174	177	155	228	244	205	239	252	252	253	249	255	254	254	255	255	255	255	255	255	255	255	255	255	255	255	255	255	255	255	255	255	255	255	255	255	255
253	239	233	249	253	249	253	250	252	226	203	168	111	75	60	61	70	59	51	61	53	42	52	48	49	69	57	53	70	69	61	62	56	66	46	28	66	141	144	157	164	168	171	173	180	185	186	190	189	188	189	191	191	196	197	192	190	201	192	185	180	167	164	166	160	162	178	195	209	223	225	214	209	203	191	184	187	188	180	173	177	169	162	155	151	145	136	133	143	156	158	152	153	165	175	173	172	173	169	171	168	162	161	157	150	153	147	157	171	142	109	213	252	214	239	252	250	253	250	254	254	254	255	255	255	255	255	255	255	255	255	255	255	255	255	255	255	255	255	255	255	255	255	255	255
249	242	244	251	253	251	253	247	247	252	205	146	108	74	61	69	73	60	51	67	51	32	51	48	58	69	59	60	64	66	72	58	56	59	45	37	60	120	132	149	161	165	167	170	178	182	185	189	190	188	190	192	193	196	196	191	195	192	189	196	191	187	189	169	174	167	167	166	169	192	206	196	193	196	182	174	183	183	174	174	161	158	147	138	137	127	123	143	159	162	156	151	157	171	179	173	172	173	168	169	166	161	158	152	157	142	156	187	138	84	102	204	248	219	244	253	247	253	250	253	254	254	255	255	255	255	254	254	255	255	255	255	255	255	255	255	255	255	255	255	255	255	255	255	255
252	250	248	249	254	253	250	252	252	251	219	156	93	76	72	81	70	52	50	60	45	41	59	48	65	68	56	63	67	64	69	57	57	66	49	41	48	106	135	138	149	156	160	164	170	181	185	184	188	190	190	190	192	196	197	196	194	191	189	192	197	199	195	191	189	183	173	163	162	165	164	161	161	161	159	156	154	152	148	144	137	136	135	137	139	145	154	162	168	160	152	153	164	175	177	173	173	171	168	162	165	163	153	157	149	144	183	202	98	56	114	196	245	221	246	253	252	252	254	253	255	255	255	255	255	255	255	255	255	255	255	255	255	255	255	255	255	255	255	255	255	255	255	255	255
253	252	249	251	254	254	250	251	253	245	222	153	83	77	73	81	56	51	59	54	39	50	59	48	65	64	54	64	68	62	67	59	67	63	42	39	47	105	136	134	137	145	153	159	165	175	181	185	187	189	190	189	191	193	195	194	189	188	189	192	196	199	198	197	200	198	193	186	181	176	171	167	162	161	158	155	154	156	155	154	147	148	152	158	163	166	171	175	163	158	155	158	166	173	174	173	172	162	171	170	157	154	152	148	152	166	203	203	101	92	110	188	240	224	248	253	253	254	254	254	255	255	255	255	255	255	255	255	255	255	255	255	255	255	255	255	255	255	255	255	255	255	255	255	255
254	254	253	253	254	254	251	252	253	208	169	113	78	93	77	63	48	51	66	51	40	54	56	54	63	60	52	64	68	61	64	61	67	52	34	38	43	99	141	139	129	136	145	152	157	166	175	181	183	186	188	188	189	191	192	192	190	190	190	192	192	193	194	194	195	197	201	201	198	192	188	188	185	184	180	177	177	180	181	180	179	178	178	180	178	173	168	166	159	156	158	165	169	171	172	174	171	164	170	164	154	157	152	138	171	192	197	193	134	144	94	183	237	233	252	253	254	254	253	254	255	255	255	255	255	255	255	255	255	255	255	255	255	255	255	255	255	255	255	255	255	255	255	255	255
254	254	254	252	250	250	253	253	237	177	130	97	88	96	77	63	56	55	62	55	47	49	53	62	59	58	54	62	66	62	64	60	61	42	32	41	35	85	142	147	133	134	138	144	150	158	167	173	179	183	186	186	186	188	191	193	195	194	193	192	191	191	190	190	190	191	196	201	201	199	199	202	198	198	197	194	193	192	190	188	188	184	183	181	178	172	166	163	158	157	161	170	173	170	171	174	172	171	164	156	159	154	145	158	182	203	192	183	139	163	95	176	239	243	253	253	253	254	250	254	255	255	255	255	255	255	255	255	255	255	255	255	255	255	255	255	255	255	255	255	255	255	255	255	255
250	253	254	252	246	250	254	249	196	151	103	97	104	80	58	51	67	64	56	56	51	44	54	62	55	59	57	59	62	64	64	58	60	39	35	46	31	72	140	147	141	135	131	134	142	153	161	166	177	183	187	186	185	187	190	193	196	195	194	194	195	195	194	194	195	193	195	199	199	197	196	198	193	194	194	192	189	187	182	180	183	179	175	175	174	170	167	165	160	158	162	170	174	171	170	173	173	168	163	162	159	142	149	192	175	199	207	181	102	154	141	169	243	251	253	252	251	253	250	254	255	255	255	255	255	255	255	255	255	255	255	255	255	255	255	255	255	255	255	255	255	255	255	255	255
250	254	254	254	249	253	248	225	170	134	88	96	114	80	57	52	68	69	54	52	50	49	59	55	54	59	61	59	61	65	64	57	59	36	34	47	33	68	140	147	146	138	129	127	135	146	154	157	171	179	186	187	185	185	189	192	193	192	192	193	195	195	193	193	193	192	192	197	199	198	195	194	193	194	194	190	188	186	186	185	187	183	179	177	174	168	162	160	163	161	163	169	172	171	170	171	170	164	165	157	148	153	167	189	178	195	202	180	104	163	189	193	246	253	252	252	250	254	252	254	255	255	255	255	255	255	255	255	255	255	255	255	255	255	255	255	255	255	255	255	255	255	255	255	255
255	255	255	254	252	251	221	171	121	104	85	82	84	58	55	64	64	62	56	52	52	59	62	53	56	59	62	61	62	64	61	58	54	35	33	45	33	64	139	149	149	145	136	128	128	138	145	148	158	169	180	184	183	183	186	189	189	191	193	194	193	192	191	192	191	194	195	196	201	203	202	199	199	200	199	195	193	191	192	191	187	183	182	180	176	170	165	163	167	167	168	171	171	172	171	172	167	168	161	144	149	167	169	162	183	189	190	186	127	167	206	230	250	253	249	253	250	254	254	254	255	255	255	255	255	255	255	255	255	255	255	255	255	255	255	255	255	255	255	255	255	255	255	255	255
255	254	253	250	249	242	191	119	89	84	91	77	66	53	58	69	62	51	57	56	58	67	61	57	59	58	62	63	64	63	59	60	52	37	37	45	28	53	133	146	152	153	145	132	125	130	137	140	145	159	174	181	181	182	184	186	186	190	195	196	195	195	196	198	201	202	203	201	202	206	207	205	205	206	206	203	199	197	196	193	190	187	183	179	175	168	164	163	168	171	174	173	172	173	174	173	166	170	155	143	162	162	145	153	174	179	202	205	114	143	206	251	253	253	247	253	250	254	254	253	255	255	255	255	255	255	255	255	255	255	255	255	255	255	255	255	255	255	255	255	255	255	255	255	255
250	251	251	251	242	197	134	99	74	80	72	70	58	52	72	67	59	52	56	56	64	71	60	60	59	60	63	62	59	61	62	56	41	40	40	42	36	50	120	152	156	153	150	142	131	124	126	133	136	147	158	169	179	178	179	188	190	191	194	197	198	199	200	201	204	206	206	206	207	211	213	213	212	211	209	206	203	200	197	195	193	191	188	182	174	169	167	167	170	175	175	172	172	173	173	176	174	156	156	159	143	126	133	162	161	177	207	187	127	186	246	253	253	253	253	252	250	251	253	254	255	255	255	255	255	255	255	255	255	255	255	255	255	255	255	255	255	255	255	255	255	255	255	255	255
247	253	253	244	204	138	91	74	69	66	63	52	71	69	78	52	56	60	55	49	63	73	63	57	60	61	63	62	59	60	59	52	37	40	41	45	39	48	116	154	152	155	156	150	140	130	125	123	134	137	145	160	175	181	181	184	186	190	195	201	203	202	201	200	203	206	207	207	208	212	213	213	212	210	208	206	203	200	198	196	192	191	187	181	174	170	171	172	170	172	177	179	177	173	170	168	164	156	158	142	116	117	132	146	169	193	188	182	207	253	250	250	253	253	252	251	252	253	253	254	255	255	255	255	255	255	255	255	255	255	255	255	255	255	255	255	255	255	255	255	255	255	255	255	255
253	253	236	201	144	87	71	72	63	72	60	67	62	77	63	56	60	66	52	50	67	73	65	58	61	60	61	60	57	57	54	46	33	42	43	47	44	46	110	152	149	158	163	159	152	142	130	121	125	123	132	149	163	173	178	179	185	189	192	197	200	202	203	203	203	205	207	209	212	213	214	215	213	211	208	205	202	199	196	193	194	192	188	181	174	170	170	173	172	167	170	175	173	170	167	159	158	161	138	104	98	110	126	151	169	185	199	219	248	254	244	253	253	252	251	252	253	254	254	253	255	255	255	255	255	255	255	255	255	255	255	255	255	255	255	255	255	255	255	255	255	255	255	255	255
248	246	202	149	100	71	68	59	62	63	64	69	73	67	51	52	66	63	51	61	71	67	66	59	60	58	58	56	54	54	50	40	30	45	44	46	47	49	106	149	152	162	167	163	159	154	143	131	119	117	127	139	145	156	170	176	180	183	188	193	197	200	202	201	201	204	206	208	211	214	213	213	213	211	209	205	202	197	193	191	193	191	188	181	174	170	171	173	174	170	174	173	166	169	173	164	153	138	104	80	92	109	124	157	164	159	193	233	253	248	254	254	253	252	252	253	254	254	254	253	255	255	255	255	255	255	255	255	255	255	255	255	255	255	255	255	255	255	255	255	255	255	255	255	255
249	224	163	106	75	67	68	50	50	58	68	76	76	65	53	63	69	62	59	73	72	65	70	58	60	58	58	56	53	53	49	40	29	47	43	44	50	54	107	146	156	165	168	165	163	162	153	142	125	120	123	127	129	140	160	172	171	178	187	192	196	200	200	198	200	201	204	208	210	211	210	210	210	209	207	204	201	197	193	190	190	188	185	180	175	172	173	175	170	170	176	171	160	165	167	156	130	89	78	84	86	105	128	139	176	179	193	219	254	254	250	245	251	253	254	254	254	253	255	255	255	255	255	255	255	255	255	255	255	255	255	255	255	255	255	255	255	255	255	255	255	255	255	255	255
227	179	122	80	62	62	62	56	45	64	64	74	57	63	62	75	66	63	67	72	67	67	69	56	62	60	59	56	52	52	49	40	33	46	40	43	52	56	109	148	157	165	170	168	167	166	159	148	140	128	120	116	116	126	144	157	166	174	181	183	188	196	202	204	202	202	203	206	209	209	208	208	204	203	202	201	199	196	192	191	191	188	183	178	174	171	169	169	173	167	165	164	164	164	144	116	93	70	72	80	82	99	120	133	165	180	192	215	254	253	255	255	252	253	254	254	253	254	255	255	255	255	255	255	255	255	255	255	255	255	255	255	255	255	255	255	255	255	255	255	255	255	255	255	255
165	116	89	72	64	60	50	54	60	58	62	58	69	55	71	62	66	67	68	65	68	67	60	61	63	61	60	55	49	48	45	38	42	45	39	48	53	52	107	150	157	164	171	171	171	168	164	156	152	142	128	118	115	116	122	132	151	162	170	174	179	189	199	204	201	198	199	202	205	205	204	204	198	199	198	197	195	194	192	190	193	187	180	174	171	169	167	165	177	169	162	161	158	142	109	81	70	71	70	70	84	96	112	143	173	180	190	223	253	249	250	254	254	254	254	254	255	255	255	255	255	255	255	255	255	255	255	255	255	255	255	255	255	255	255	255	255	255	255	255	255	255	255	255	255
142	92	77	66	60	62	53	64	62	68	76	95	85	61	71	69	70	68	63	60	73	65	48	69	62	60	58	52	44	42	40	33	50	45	40	52	53	46	104	151	158	164	170	172	173	171	168	163	161	156	142	129	121	111	108	117	131	147	166	175	180	186	191	192	196	193	192	195	198	197	196	197	196	195	195	194	195	192	190	187	188	182	174	171	171	171	170	169	163	165	164	156	130	96	71	65	62	61	69	75	82	95	115	143	162	186	192	216	253	254	254	254	254	254	253	253	255	255	255	254	255	255	255	255	255	255	255	255	255	255	255	255	255	255	255	255	255	255	255	255	255	255	255	255	255
119	94	76	63	58	58	55	72	66	62	106	117	58	84	80	76	73	70	67	68	64	58	60	71	65	62	56	47	40	38	37	35	57	50	44	58	53	48	113	144	155	165	171	174	177	176	170	167	167	163	158	148	138	130	118	104	106	115	135	160	177	181	187	192	199	197	193	189	190	192	192	193	190	190	192	195	194	192	191	193	192	180	172	170	169	172	175	173	161	157	155	128	87	70	69	57	59	63	68	67	74	96	121	147	172	181	191	215	252	252	250	255	255	255	255	255	255	255	255	255	255	255	255	255	255	255	255	255	255	255	255	255	255	255	255	255	255	255	255	255	255	255	255	255	255
105	69	57	70	71	57	64	61	84	104	126	89	66	80	79	68	70	69	65	60	60	64	68	68	64	62	56	46	37	33	37	41	46	48	50	68	56	52	113	150	156	165	171	174	178	179	176	173	173	170	167	158	146	139	130	118	106	102	101	118	146	174	184	183	193	197	196	194	195	193	190	190	191	189	188	189	190	190	192	195	186	176	169	167	168	170	168	162	158	154	113	84	90	77	56	64	61	62	65	64	76	101	127	153	171	180	191	210	251	252	250	255	255	255	255	255	255	255	255	255	255	255	255	255	255	255	255	255	255	255	255	255	255	255	255	255	255	255	255	255	255	255	255	255	255
75	70	79	63	55	66	84	79	125	179	112	70	99	70	76	76	67	64	61	57	57	65	70	68	61	55	47	41	37	36	42	50	50	49	49	62	46	50	110	152	156	166	170	173	178	182	180	179	176	174	173	167	156	149	142	132	127	116	100	95	111	139	166	180	188	198	197	190	190	188	187	190	191	189	189	191	192	190	188	186	184	175	171	171	172	172	164	151	129	117	91	77	77	67	55	58	58	56	59	62	80	106	130	154	172	180	192	204	249	251	250	252	255	255	255	255	255	255	255	255	255	255	255	255	255	255	255	255	255	255	255	255	255	255	255	255	255	255	255	255	255	255	255	255	255
78	73	85	65	58	87	118	149	185	188	75	60	97	83	81	61	64	56	58	63	62	62	66	68	60	47	37	37	42	45	49	54	60	50	48	50	43	53	112	149	157	166	170	173	178	181	180	179	177	176	178	174	166	161	153	144	144	135	123	108	96	99	124	151	172	188	190	185	186	187	185	190	185	184	185	187	188	186	181	178	175	168	169	173	170	157	139	122	93	84	91	88	63	55	59	51	53	54	62	68	88	111	128	149	173	180	193	198	243	250	251	251	255	255	255	255	255	255	255	255	255	255	255	255	255	255	255	255	255	255	255	255	255	255	255	255	255	255	255	255	255	255	255	255	255
99	94	66	70	85	110	151	182	218	102	57	85	64	61	66	63	61	56	57	66	72	71	66	62	54	41	34	38	45	49	50	53	55	45	54	51	53	66	120	148	156	165	170	173	179	182	181	180	180	179	180	181	177	173	165	154	150	144	139	131	118	105	104	111	134	153	167	174	182	186	185	186	185	183	181	180	182	184	183	182	178	166	160	158	142	116	94	81	84	89	81	70	62	55	51	52	55	59	70	79	96	115	129	148	175	182	193	194	236	251	251	252	255	255	255	255	255	255	255	255	255	255	255	255	255	255	255	255	255	255	255	255	255	255	255	255	255	255	255	255	255	255	255	255	255
102	124	92	69	140	158	138	221	146	98	71	55	59	60	54	66	59	64	62	65	78	80	65	51	38	34	34	40	47	51	54	57	47	42	56	48	51	77	122	146	156	164	171	174	181	185	183	182	183	180	182	184	183	180	173	163	157	156	150	144	138	130	118	106	106	115	128	141	152	161	168	169	164	165	164	163	162	162	158	154	151	132	118	108	94	80	75	76	89	92	71	53	59	55	47	54	62	65	76	85	100	117	130	151	175	185	193	190	227	252	251	254	255	255	255	255	255	255	255	255	255	255	255	255	255	255	255	255	255	255	255	255	255	255	255	255	255	255	255	255	255	255	255	255	255
97	100	65	112	147	124	191	183	107	66	55	60	64	56	72	48	59	73	71	67	74	68	48	40	31	32	36	43	50	55	56	55	47	44	49	47	46	93	126	145	156	165	169	174	181	185	184	184	184	181	183	185	184	181	177	171	166	164	157	148	143	139	134	127	114	103	103	108	110	120	130	129	133	136	139	137	132	123	114	106	82	72	67	64	65	74	84	88	83	75	63	54	51	51	54	57	68	70	78	88	105	122	135	155	173	188	191	189	218	252	247	254	255	255	255	255	255	255	255	255	255	255	255	255	255	255	255	255	255	255	255	255	255	255	255	255	255	255	255	255	255	255	255	255	255
125	106	82	106	143	142	200	126	69	43	53	62	59	46	53	57	62	79	78	72	68	46	28	37	37	36	38	44	53	58	53	46	49	47	46	55	54	116	133	147	157	165	169	172	179	184	183	184	186	183	186	187	184	182	181	177	177	168	162	159	155	146	143	146	134	110	100	98	87	88	93	85	84	86	88	83	76	68	59	52	52	57	63	68	72	81	81	72	73	62	51	50	51	52	56	65	73	74	82	93	111	128	141	159	173	188	190	188	212	252	246	254	255	255	255	255	255	255	255	255	255	255	255	255	255	255	255	255	255	255	255	255	255	255	255	255	255	255	255	255	255	255	255	255	255
181	100	82	92	110	170	162	72	43	50	52	51	46	37	44	64	72	76	70	58	42	35	36	26	36	37	41	49	54	54	51	47	42	42	55	51	69	154	146	141	154	165	172	174	178	180	182	187	184	184	186	189	188	183	179	178	175	174	173	168	160	153	149	148	142	136	130	121	106	93	85	78	75	68	64	60	53	51	54	55	58	61	66	71	74	74	72	71	61	57	54	53	53	56	64	71	76	82	89	99	115	130	148	163	169	194	185	189	195	247	249	254	255	255	255	255	255	255	255	255	255	255	255	255	255	255	255	255	255	255	255	255	255	255	255	255	255	255	255	255	255	255	255	255	255
240	123	67	103	114	140	93	55	49	48	43	43	48	49	56	71	63	54	40	38	38	40	46	40	37	44	51	51	51	49	45	42	46	49	55	44	136	180	128	152	155	166	172	174	178	179	182	186	185	185	187	190	190	185	183	182	179	178	176	172	167	161	157	155	152	145	138	132	122	112	102	91	88	80	75	73	69	64	62	58	57	58	62	66	69	69	67	65	56	55	56	58	61	64	70	76	82	89	96	105	120	134	150	166	171	189	186	188	191	232	251	254	255	255	255	255	255	255	255	254	255	255	255	255	255	255	255	255	255	255	255	255	255	255	255	255	255	255	255	255	255	255	255	255	255
209	175	117	65	83	64	46	49	52	50	46	46	53	52	50	53	45	33	25	37	45	45	47	41	40	48	54	52	48	46	43	39	51	59	47	77	190	187	126	149	156	165	172	174	177	180	181	185	185	186	188	191	190	188	186	185	182	181	179	177	174	170	165	163	155	146	140	137	132	125	113	100	98	88	81	79	75	72	67	59	60	59	60	62	64	64	62	59	55	56	59	63	67	71	78	84	92	98	105	113	126	139	154	168	177	183	188	187	186	211	253	252	255	255	255	255	255	255	255	255	255	255	255	255	255	255	255	255	255	255	255	255	255	255	255	255	255	255	255	255	255	255	255	255	255
203	206	126	55	63	51	50	49	49	50	49	49	48	44	38	34	36	34	38	52	53	46	43	35	44	47	50	53	50	46	44	44	53	67	45	137	218	154	139	142	157	165	171	173	178	180	181	185	185	186	187	188	189	188	187	186	184	182	180	179	177	175	169	167	165	155	149	148	144	140	129	116	110	98	88	82	78	75	72	65	68	66	64	65	68	67	64	60	62	63	65	67	73	79	88	94	101	106	111	120	132	144	156	170	183	179	189	187	181	192	252	252	254	255	255	255	255	254	254	254	254	254	254	255	255	255	255	255	255	255	255	255	255	255	255	255	255	255	255	255	255	255	255	255	255
206	116	63	81	73	50	49	48	43	40	38	39	40	42	42	39	45	50	52	55	50	44	44	36	49	48	51	54	50	43	44	51	49	59	59	190	225	121	144	149	157	165	170	174	178	181	182	186	185	186	188	189	188	188	188	187	185	183	181	180	178	176	173	171	174	165	160	158	154	150	141	130	125	115	106	97	88	84	82	75	75	73	72	72	73	72	68	64	69	71	73	76	80	89	98	104	107	112	117	125	137	147	159	171	185	177	188	187	181	181	244	254	254	254	255	255	254	254	254	254	253	253	253	254	255	255	255	255	255	255	255	255	255	255	255	255	255	255	255	255	255	255	255	255	255
118	83	94	94	53	60	46	32	42	34	33	37	41	45	46	43	52	55	52	50	47	47	50	39	54	55	57	57	47	38	43	55	51	40	96	234	182	127	141	156	157	166	171	175	179	182	182	184	185	187	188	189	190	191	191	189	188	187	185	183	180	179	178	176	174	168	165	162	156	151	146	138	134	127	119	109	99	93	89	82	81	79	77	77	76	75	71	68	73	77	82	87	92	100	106	108	114	118	121	129	140	150	161	173	182	177	183	186	182	175	224	252	252	252	253	252	252	252	252	253	253	253	253	253	254	255	255	255	255	255	255	255	255	255	255	255	255	255	255	255	255	255	255	255	255
111	129	125	129	62	58	30	46	39	33	39	45	42	41	44	43	51	54	50	49	47	49	52	40	53	57	57	52	46	46	50	55	59	52	162	234	134	147	141	157	160	168	173	176	181	183	181	183	184	187	188	188	190	192	193	192	191	190	188	185	183	182	182	183	181	175	173	172	166	161	156	148	142	137	132	123	113	108	102	94	91	89	87	86	85	83	82	80	84	90	96	101	107	112	116	117	122	124	126	133	143	153	164	174	176	179	179	184	182	170	195	243	251	251	252	251	252	252	253	252	253	253	253	253	254	255	255	255	255	255	255	255	255	255	255	255	255	255	255	255	255	255	255	255	255
129	139	109	94	61	30	47	36	33	31	42	49	39	34	45	53	52	54	50	48	45	47	53	47	52	54	50	46	50	59	60	53	62	93	232	195	130	153	145	158	161	170	174	177	181	182	181	182	183	185	187	187	189	193	194	193	191	191	190	186	184	184	186	187	187	182	181	180	176	171	165	157	155	150	143	136	129	126	121	113	104	102	100	98	95	94	94	95	99	105	110	113	118	124	127	128	126	129	130	136	146	156	166	176	175	182	177	183	181	166	174	234	252	252	253	252	253	253	253	253	252	253	253	253	254	255	255	255	255	255	255	255	255	255	255	255	255	255	255	255	255	255	255	255	255
122	121	94	57	56	31	46	35	40	38	38	39	35	46	54	70	56	45	45	48	50	49	49	59	55	53	47	45	53	63	61	53	80	166	221	139	156	137	161	160	164	170	176	179	180	181	182	182	184	187	188	188	189	192	194	193	193	192	191	189	188	187	187	187	185	184	183	182	180	176	172	168	163	158	152	146	138	134	130	123	117	113	110	109	107	104	106	110	113	119	125	128	132	137	137	137	134	136	136	140	151	158	166	175	173	179	179	179	182	180	170	203	242	253	252	253	254	253	255	255	255	255	255	255	254	254	254	254	255	255	255	255	255	255	255	255	255	255	255	255	255	255	255	255	255
