254	254	254	254	254	254	254	254	254	254	254	254	254	254	254	254	254	254	246	254	254	252	244	251	254	250	253	249	251	252	252	220	161	113	143	134	137	154	163	146	115	92	163	169	152	140	156	170	172	178	182	160	155	158	200	250	252	253	246	253	253	246	254	254	250	252	253	253	253	254	254	254	255	255	255	255	255	255	254	254	254	254	254	254	254	254	254	254	254	254	254	254	254	254	254	254	254	254	254	254	254	254	254
254	254	254	254	254	254	254	254	254	254	254	254	254	254	254	254	254	255	254	254	254	248	247	254	253	253	251	252	252	240	210	164	117	88	74	81	87	82	65	45	37	37	76	73	65	72	92	91	90	105	101	80	80	76	96	146	202	251	242	251	252	246	252	252	249	253	253	253	253	254	254	254	255	255	255	255	255	255	254	254	254	254	254	254	254	254	254	254	254	254	254	254	254	254	254	254	254	254	254	254	254	254	254
254	254	254	254	254	254	254	254	254	254	254	254	254	254	254	254	254	254	254	248	251	253	248	239	249	252	245	242	219	163	96	55	53	67	87	76	66	73	91	98	88	72	73	69	59	63	79	76	73	87	75	79	95	75	48	53	85	141	172	205	233	250	250	250	236	241	252	253	253	254	254	255	255	255	255	255	255	255	255	255	255	255	254	254	254	254	254	254	254	254	254	254	254	254	254	254	254	254	254	254	254	254	254
254	254	254	254	254	254	254	254	254	254	254	254	254	254	254	254	254	254	244	253	253	248	249	252	247	224	190	135	73	45	53	59	41	17	27	43	57	61	64	71	76	77	87	90	69	51	61	69	67	71	72	76	88	70	55	51	28	21	66	102	147	184	226	249	250	237	252	252	253	253	254	255	255	255	255	255	255	255	255	255	255	255	254	254	254	254	254	254	254	254	254	254	254	254	254	254	254	254	254	254	254	254	254
254	254	254	254	254	254	254	254	254	254	254	254	254	254	254	254	254	253	253	252	248	230	250	251	200	111	45	44	41	35	34	42	57	70	47	49	49	53	69	82	73	55	55	68	61	53	63	61	44	38	47	53	70	55	45	48	34	33	45	43	63	88	122	192	249	250	251	252	252	253	253	254	254	254	254	254	255	255	255	255	255	255	254	254	254	254	254	254	254	254	254	254	254	254	254	254	254	254	254	254	254	254	254
254	254	254	254	254	254	254	254	254	254	254	254	254	254	254	254	254	253	247	251	251	250	225	172	105	57	61	64	62	54	40	34	38	44	60	66	65	59	66	81	85	79	63	61	51	56	69	63	55	67	68	52	55	47	42	44	41	61	64	24	55	100	77	80	167	248	251	252	252	252	252	253	254	254	254	254	255	255	255	255	255	255	254	254	254	254	254	254	254	254	254	254	254	254	254	254	254	254	254	254	254	254	254
254	254	254	254	254	254	254	254	254	254	254	251	253	254	254	254	254	252	243	250	247	203	118	47	44	68	63	71	76	70	53	36	24	21	27	50	66	64	61	64	62	53	61	57	55	58	63	62	53	46	56	47	52	51	32	29	37	33	32	41	38	72	83	79	67	101	175	252	243	247	253	253	253	251	252	252	253	254	254	255	254	254	254	254	254	254	254	254	254	254	254	254	254	254	254	254	254	254	254	254	254	254	254
254	254	254	254	254	254	254	254	254	254	254	254	247	244	254	254	250	253	251	248	199	83	32	65	73	67	66	69	71	65	52	34	21	14	21	29	42	50	51	45	41	40	45	47	51	52	48	43	38	36	35	34	59	75	50	26	31	44	32	63	56	89	53	70	51	81	80	154	250	244	252	253	245	253	252	252	253	254	254	255	254	254	255	254	254	254	254	254	254	254	254	254	254	254	254	254	254	254	254	254	254	254	254
254	254	254	254	254	254	254	254	254	254	252	254	248	243	254	244	245	253	250	180	75	50	44	29	51	50	47	49	53	57	58	53	43	35	34	25	29	45	47	31	23	27	30	40	49	48	37	28	26	29	52	43	54	62	43	22	21	28	42	66	63	87	46	69	49	51	56	72	204	251	238	251	243	248	252	252	253	254	254	254	254	254	255	254	254	254	254	254	254	254	254	254	254	254	254	254	254	254	254	254	254	254	254
254	254	254	254	254	254	254	254	254	254	250	254	254	254	254	241	251	234	128	58	43	42	59	64	32	48	34	35	40	51	63	66	60	53	54	43	40	47	48	36	25	21	30	37	42	42	36	29	26	25	35	40	43	38	34	40	46	42	46	45	64	76	60	58	59	44	50	38	98	197	250	249	252	253	252	252	253	254	254	254	254	254	255	254	254	254	254	254	254	254	254	254	254	254	254	254	254	254	254	254	254	254	254
254	254	254	254	254	254	254	254	254	254	252	253	254	254	254	254	253	163	28	46	32	52	53	35	51	34	36	35	37	44	53	54	48	40	47	47	43	36	39	43	36	22	33	31	30	32	35	34	29	23	12	36	53	44	37	41	50	55	48	38	63	80	62	43	53	57	33	46	42	84	232	249	245	251	252	252	253	254	254	254	254	254	255	254	254	254	254	254	254	254	254	254	254	254	254	254	254	254	254	254	254	254	254
254	254	254	254	254	254	254	254	254	254	254	254	254	241	251	238	211	82	55	32	49	44	40	34	8	26	23	24	29	35	41	43	40	37	23	31	29	19	23	37	38	26	34	25	19	21	30	36	34	31	25	39	46	45	44	38	40	56	69	52	45	81	61	54	39	50	47	58	44	51	102	240	252	247	252	252	253	254	254	254	254	254	255	254	254	254	254	254	254	254	254	254	254	254	254	254	254	254	254	254	254	254	254
254	254	254	254	254	254	254	254	254	254	254	254	243	240	245	158	116	46	36	50	32	27	34	42	50	22	19	25	32	36	38	39	43	45	24	27	26	21	20	23	29	31	35	29	24	23	29	37	47	52	48	62	65	68	80	79	75	83	85	67	39	59	66	69	41	38	47	46	43	64	25	167	252	252	252	252	253	254	254	254	254	254	255	254	254	254	254	254	254	254	254	254	254	254	254	254	254	254	254	254	254	254	254
254	254	254	254	254	254	254	254	254	253	253	249	235	251	240	71	28	50	38	42	46	31	22	31	42	56	42	48	52	48	40	34	35	38	49	40	37	38	27	14	20	36	38	39	36	32	31	41	60	75	75	122	141	130	127	121	102	95	76	70	57	38	73	64	54	44	38	55	48	46	76	42	188	238	251	252	252	254	254	254	254	254	255	254	254	254	254	254	254	254	254	254	254	254	254	254	254	254	254	254	254	254	254
254	254	254	254	255	254	253	252	252	252	241	252	240	251	131	48	47	53	34	37	38	35	28	25	26	29	44	48	51	49	41	35	34	35	39	38	36	31	26	25	30	35	37	37	39	45	56	70	84	92	109	122	139	151	149	133	112	98	91	86	76	66	57	53	51	51	35	47	67	46	71	68	78	242	252	238	251	253	248	254	254	249	254	254	254	254	254	254	254	254	254	254	254	254	254	254	254	254	254	254	254	254	254
254	254	254	254	255	254	253	252	252	251	245	252	228	138	65	33	32	43	32	35	39	38	34	34	38	42	54	54	51	44	35	33	36	39	26	36	46	43	33	27	32	40	50	58	73	87	98	102	100	98	130	137	147	152	151	140	127	120	95	87	74	62	55	52	55	56	36	43	71	51	54	56	59	145	248	252	253	253	253	253	253	249	254	254	254	254	254	254	254	254	254	254	254	254	254	254	254	254	254	254	254	254	254
254	254	254	254	255	254	253	252	252	251	252	252	155	37	28	42	38	27	23	28	34	35	36	38	43	48	48	45	39	30	23	24	33	41	26	39	49	45	32	31	45	62	88	98	116	131	139	138	132	127	157	158	158	158	157	152	149	146	108	96	78	61	52	50	56	60	52	48	66	46	29	46	58	71	207	252	249	253	253	253	250	252	254	254	254	254	254	254	254	254	254	254	254	254	254	254	254	254	254	254	254	254	254
254	254	254	254	255	253	253	252	252	252	251	214	55	22	30	41	45	16	17	22	28	30	29	31	37	42	34	34	32	26	23	27	37	46	39	41	42	38	37	53	80	101	142	144	147	152	158	162	166	166	171	170	169	167	165	163	161	161	128	114	90	68	53	50	53	57	56	55	59	48	33	49	68	61	134	243	246	251	249	253	251	254	254	254	254	254	254	254	254	254	254	254	254	254	254	254	254	254	254	254	254	254	254
254	254	254	254	255	253	253	252	252	252	238	137	16	30	29	21	34	14	23	27	31	31	28	27	30	35	35	36	37	34	31	32	38	44	36	35	40	53	76	104	129	143	174	172	168	168	170	175	181	186	172	173	174	174	171	168	164	162	149	135	109	84	66	55	52	52	45	58	58	60	59	53	62	71	78	215	252	247	239	253	254	254	254	254	254	254	254	254	254	254	254	254	254	254	254	254	254	254	254	254	254	254	254
254	254	254	254	254	253	253	252	252	252	245	71	33	18	33	31	28	16	31	36	39	35	31	29	30	34	31	33	33	29	24	24	29	34	37	45	68	101	137	163	174	176	180	181	183	184	184	181	180	178	170	172	176	176	174	168	163	159	162	151	131	108	87	69	58	52	50	61	53	53	61	47	48	80	62	172	252	252	241	251	254	253	254	254	254	254	254	254	254	254	254	254	254	254	254	254	254	254	254	254	254	254	254
254	254	254	254	254	253	253	252	252	252	217	40	36	17	38	47	29	22	31	34	37	35	31	28	30	34	27	28	27	24	24	30	43	53	76	93	121	153	179	193	196	191	180	184	188	189	187	181	172	168	173	173	174	173	171	167	164	162	163	158	147	130	109	88	69	57	61	57	52	46	53	52	48	72	59	105	232	252	253	247	253	249	254	254	254	254	254	254	254	254	254	254	254	254	254	254	254	254	254	254	254	254	254
254	254	254	253	253	253	253	251	252	252	150	29	15	33	28	33	22	27	22	26	30	29	25	24	27	31	34	33	32	31	40	56	80	97	128	144	165	183	192	195	197	199	188	187	185	184	181	176	171	170	178	177	173	169	167	166	166	167	159	159	155	144	125	102	79	65	53	43	59	57	62	71	52	50	55	47	200	251	253	245	253	249	254	254	254	254	254	254	254	254	254	254	254	254	254	254	254	254	254	254	254	254	254
254	254	248	253	252	253	250	244	242	214	58	51	41	29	23	22	25	28	17	39	46	30	26	38	39	27	35	55	45	44	73	85	96	128	173	176	183	190	194	198	198	199	190	190	188	186	184	182	181	182	184	179	173	171	173	174	173	171	159	166	169	163	145	119	95	81	59	53	52	56	55	49	51	60	41	65	93	247	251	246	253	253	254	254	254	254	254	254	254	254	254	254	254	254	254	254	254	254	254	254	254	254	254
254	253	249	253	253	252	253	244	244	137	45	39	32	25	20	21	24	27	31	31	29	29	30	33	37	39	56	79	81	86	118	129	136	165	188	189	194	197	199	199	198	196	193	193	190	189	187	184	183	183	184	179	173	170	173	174	173	170	163	164	166	161	147	124	99	83	64	57	54	55	53	45	46	53	49	63	54	199	252	246	250	253	254	254	254	254	254	254	254	254	254	254	254	254	254	254	254	254	254	254	254	254	254
254	253	250	251	252	249	252	246	229	46	31	28	24	20	18	20	22	25	27	25	22	21	25	35	56	72	94	120	128	139	165	171	172	192	205	205	207	206	206	202	198	195	198	196	194	192	190	187	186	185	185	179	173	170	172	174	172	169	166	163	160	157	151	132	106	87	70	60	53	54	50	43	42	47	56	52	43	98	252	235	252	252	254	254	254	254	254	254	254	254	254	254	254	254	254	254	254	254	254	254	254	254	254
254	253	251	251	252	249	252	248	180	5	27	25	24	21	20	19	19	20	11	21	23	15	22	57	98	122	137	157	162	167	182	182	181	195	210	211	211	210	208	205	201	198	202	201	199	196	192	190	188	187	185	179	172	170	171	173	172	169	171	163	157	155	154	141	116	97	74	60	51	51	50	44	43	48	53	51	51	28	208	248	252	244	253	254	254	254	254	254	254	254	254	254	254	254	254	254	254	254	254	254	254	254	254
254	253	251	251	252	251	252	241	113	18	31	30	30	28	25	21	18	15	11	14	16	22	52	101	145	166	168	178	177	175	182	181	184	196	205	206	208	210	209	207	204	201	205	204	201	199	194	191	188	187	185	179	172	170	171	173	171	168	172	164	156	154	155	146	127	109	79	63	51	50	52	48	47	51	47	60	47	34	107	251	251	250	253	254	254	254	254	254	254	254	254	254	254	254	254	254	254	254	254	254	254	254	254
254	253	252	251	249	252	252	216	59	40	31	32	34	34	30	24	19	14	29	13	18	60	113	148	170	187	179	183	181	178	182	187	196	209	201	204	207	209	210	208	207	205	206	204	202	197	193	189	186	185	185	179	172	169	171	172	171	168	171	164	158	156	155	148	134	123	92	72	56	54	55	50	47	49	52	50	52	47	58	214	249	253	253	254	254	254	254	254	254	254	254	254	254	254	254	254	254	254	254	254	254	254	254
254	253	252	251	247	252	250	180	37	38	23	27	32	34	33	28	22	15	32	28	57	115	161	175	177	183	180	182	184	182	186	192	203	214	206	208	211	212	212	211	208	207	206	203	201	196	191	187	184	182	185	178	172	169	171	172	171	167	169	166	162	159	153	147	141	137	110	86	64	59	57	49	43	42	53	44	55	45	55	139	251	251	253	254	254	254	254	254	254	254	254	254	254	254	254	254	254	254	254	254	254	254	254
254	253	253	252	247	252	251	154	35	22	14	19	28	33	34	30	23	18	20	53	108	156	179	181	176	173	179	182	187	188	187	191	200	207	212	213	215	216	215	212	208	206	205	203	200	195	190	185	181	179	185	178	172	169	171	172	171	168	167	167	165	161	152	147	143	143	123	97	72	62	56	47	38	34	44	59	38	55	44	106	248	245	253	253	253	253	254	254	254	254	254	253	253	253	254	254	255	255	254	254	254	254	254
254	254	252	254	253	252	252	201	0	22	33	27	21	21	22	18	13	11	32	99	138	151	178	184	176	185	184	187	190	189	189	194	203	211	207	207	208	208	208	209	210	210	202	201	199	195	192	189	186	185	181	180	177	174	171	168	166	164	169	170	168	163	158	151	148	148	137	119	97	80	57	37	36	48	43	51	52	42	28	69	224	250	252	247	252	252	233	252	252	253	253	253	252	253	253	254	254	254	255	254	254	254	254
254	254	254	252	248	249	252	172	6	17	34	25	19	24	25	25	32	43	83	136	157	156	176	182	176	185	189	192	195	193	191	194	202	208	207	206	207	207	208	208	209	210	203	200	199	195	193	189	186	185	178	178	176	174	172	171	169	168	178	176	171	165	158	152	149	147	159	138	115	97	76	51	36	36	32	41	50	56	41	56	172	245	249	250	251	252	241	251	252	252	253	252	252	252	253	254	254	254	254	254	254	254	254
254	254	254	250	254	250	242	111	18	28	24	24	25	26	24	35	69	105	133	164	164	154	171	181	180	189	195	198	200	198	194	194	199	205	206	206	206	206	207	207	208	209	203	201	200	196	193	189	187	186	176	176	175	175	174	174	173	173	181	177	173	167	161	155	150	147	158	153	143	125	93	59	41	38	32	38	46	61	47	41	111	240	244	251	252	252	251	252	252	253	253	252	252	252	253	254	254	254	254	254	254	254	254
254	255	251	248	254	251	233	65	30	33	10	24	30	23	26	60	111	148	144	160	154	147	168	184	188	197	199	202	205	202	196	194	197	201	204	204	205	205	206	206	207	207	204	202	200	197	194	190	188	186	175	175	175	176	176	176	177	178	177	175	173	173	172	166	156	149	147	150	149	140	115	84	60	47	38	44	43	48	38	34	71	239	243	249	252	253	254	252	252	254	253	253	252	252	253	254	254	254	254	254	254	254	254
254	255	255	246	254	245	237	67	36	25	11	23	20	17	49	106	145	151	143	151	148	150	171	188	193	199	199	202	206	203	196	193	194	197	203	203	204	204	205	205	206	206	205	203	201	198	194	191	189	187	176	176	177	177	178	179	179	179	175	174	176	180	182	178	166	156	156	148	143	144	145	127	89	55	34	39	40	35	32	36	51	212	232	240	248	252	255	250	253	254	254	253	252	252	253	254	253	253	254	254	254	254	254
254	255	255	248	254	248	238	90	34	26	25	20	13	30	88	149	159	135	153	157	158	162	175	185	189	193	194	199	204	202	197	192	192	194	202	203	203	203	204	204	204	204	206	204	202	199	195	191	189	188	180	180	179	180	179	179	178	178	179	172	166	167	172	172	163	155	153	154	157	158	161	149	119	89	39	27	41	36	39	38	42	165	197	194	240	249	253	253	254	255	254	253	252	252	253	254	253	253	254	254	254	254	254
254	255	252	252	254	253	238	127	26	27	30	19	28	70	125	157	154	140	162	163	166	168	171	174	180	187	188	193	200	200	195	191	190	193	201	202	202	202	203	203	203	203	207	205	202	199	196	192	190	188	184	184	182	182	180	178	176	177	176	158	138	128	132	137	138	134	124	148	166	166	158	154	146	137	80	29	44	43	49	38	52	141	143	130	227	248	251	254	254	252	254	253	252	252	253	254	253	253	254	254	254	254	254
254	255	254	252	253	249	247	167	23	17	25	22	54	112	142	140	143	158	163	163	164	165	163	164	174	184	183	189	197	198	194	191	190	192	201	201	201	202	203	202	204	203	207	205	203	200	196	192	190	189	188	186	185	183	180	178	176	175	171	144	110	91	92	102	109	110	101	128	151	156	157	163	167	163	129	42	47	49	56	37	68	145	101	85	214	246	250	253	254	247	254	253	253	252	253	254	253	253	254	254	254	254	254
254	255	254	251	254	244	244	186	20	22	26	28	71	125	137	134	141	143	154	157	159	163	167	170	172	173	181	183	188	191	192	192	191	189	190	194	199	199	197	197	202	205	210	201	195	195	200	202	198	193	184	196	193	176	178	188	177	149	132	106	84	81	82	80	82	88	93	118	148	164	163	157	158	164	145	100	45	39	56	41	57	125	87	99	190	246	247	248	248	253	254	253	253	252	253	254	253	253	254	254	254	254	254
254	255	254	251	254	249	249	200	26	34	26	29	72	124	139	137	141	143	153	155	158	162	166	170	172	173	181	183	187	191	193	192	191	190	191	195	199	199	197	196	201	206	201	200	201	205	208	205	202	196	175	188	190	179	177	171	139	99	88	78	73	81	85	83	87	96	95	115	142	160	162	158	155	155	159	116	57	41	54	50	72	134	103	111	192	244	248	250	250	252	254	253	253	253	253	254	253	253	254	254	254	254	254
254	255	255	253	254	252	251	218	36	42	25	32	72	121	141	140	141	141	150	153	156	160	165	169	171	173	180	182	187	191	193	194	193	192	192	196	200	199	197	195	200	204	195	200	209	210	207	199	193	189	183	195	196	180	162	142	110	80	74	78	86	90	84	83	96	114	102	112	126	141	153	161	165	167	173	141	82	48	50	57	91	148	126	131	196	242	249	252	253	251	254	253	253	253	253	254	254	254	254	254	254	254	254
254	255	255	255	253	252	251	229	50	35	25	35	70	115	140	143	140	140	147	149	152	157	163	168	171	172	179	181	187	191	194	195	195	194	194	198	201	200	196	194	199	203	196	204	209	206	195	183	179	179	178	179	167	136	102	78	67	63	60	62	74	100	127	136	131	123	125	123	123	132	146	157	161	161	173	162	115	63	44	53	102	164	145	151	200	240	248	252	254	250	254	253	253	253	253	254	254	254	254	254	254	254	254
254	255	254	254	253	252	249	233	78	19	26	37	64	102	133	143	139	139	143	145	150	154	161	166	170	172	178	180	186	191	195	196	197	196	195	198	202	200	195	193	197	201	198	202	203	196	185	177	180	183	180	158	125	90	59	39	36	43	49	89	137	168	172	162	152	144	128	121	116	124	144	161	169	172	165	174	147	88	43	44	102	170	149	163	201	238	248	252	253	251	254	253	253	253	253	254	254	254	255	254	254	254	254
254	254	254	254	253	252	247	238	122	5	26	39	55	86	122	139	138	140	139	141	147	152	159	165	170	171	177	180	185	191	196	198	198	198	196	200	203	199	195	193	196	199	197	196	193	188	181	179	180	182	166	126	83	62	50	38	34	39	89	143	193	196	166	142	142	153	147	130	114	109	123	145	165	176	158	178	171	118	58	44	98	166	140	165	200	236	247	250	253	252	253	254	253	253	253	254	255	254	254	254	254	254	254
254	254	251	253	253	252	250	246	174	2	27	38	47	70	111	133	137	141	136	138	144	150	158	164	169	171	176	179	185	191	196	199	200	200	197	201	202	199	195	192	195	198	194	190	184	178	174	165	156	149	101	66	36	29	27	27	47	75	175	178	172	161	157	157	150	137	145	136	124	118	120	128	136	141	160	177	182	146	84	55	95	155	124	162	197	234	246	244	252	253	253	253	253	253	253	254	255	255	254	254	254	254	254
254	254	245	250	253	252	251	251	210	2	28	39	41	61	105	130	135	142	134	137	142	149	156	163	168	171	174	178	185	191	196	199	201	201	199	201	203	200	194	190	192	196	195	187	178	171	161	145	123	107	58	39	26	22	18	30	87	150	156	150	126	93	72	67	60	48	64	85	116	144	156	153	141	132	165	175	184	161	104	68	95	145	112	158	196	232	243	241	253	253	253	253	254	254	254	254	254	254	254	254	254	254	254
254	254	255	255	244	251	252	251	233	38	20	36	36	52	86	116	129	143	128	131	138	143	147	156	169	178	178	175	173	177	185	193	196	196	197	200	198	190	190	193	181	163	171	182	176	167	157	123	84	71	47	45	42	33	41	81	111	103	66	25	9	35	31	73	37	29	41	54	87	121	135	130	130	139	163	154	171	175	162	88	47	150	152	154	193	223	246	241	252	253	253	253	253	254	254	254	253	253	254	254	254	254	254
254	255	254	255	252	251	250	251	245	102	6	39	24	38	74	111	126	136	137	136	135	138	147	157	166	173	177	176	177	182	188	189	185	180	179	184	183	180	184	192	185	171	164	173	165	153	141	108	72	62	34	40	57	67	68	74	63	31	26	38	53	60	45	89	76	64	62	61	75	103	125	136	147	157	157	154	173	173	170	123	81	143	165	173	199	215	242	243	251	253	253	252	253	253	254	254	253	253	254	254	254	254	254
254	255	251	255	254	252	249	251	252	185	18	42	25	31	62	101	122	127	139	140	136	136	147	154	160	168	177	170	164	163	167	172	173	172	163	167	167	167	173	181	179	172	159	166	155	140	126	95	63	58	64	54	66	79	65	52	53	51	57	13	17	55	98	133	134	136	128	118	116	129	142	147	148	151	156	156	176	174	179	168	131	146	171	188	198	200	234	242	249	253	253	253	253	253	254	254	253	253	254	254	254	254	254
254	255	250	255	254	252	251	251	250	240	72	27	43	33	56	89	121	121	130	142	147	147	153	153	155	169	171	166	160	160	163	167	167	165	149	150	151	152	157	163	165	165	161	169	157	139	124	96	71	70	76	50	49	57	39	45	109	171	84	100	157	151	147	145	151	145	111	118	132	150	160	161	157	155	163	157	176	177	183	192	173	170	162	187	188	187	222	241	244	250	254	253	253	253	254	254	254	253	254	254	254	254	254
254	255	252	254	254	253	252	252	243	252	133	1	50	32	51	76	124	124	122	151	165	164	164	153	152	172	164	165	169	175	174	164	147	134	122	122	124	130	137	144	154	162	168	179	170	153	140	115	95	100	86	78	86	84	59	62	108	145	164	150	179	158	164	157	153	128	98	121	153	170	173	173	176	178	173	160	174	180	182	191	193	202	157	179	180	188	219	243	246	248	254	253	253	253	254	254	254	253	254	254	254	254	254
254	255	254	255	247	253	252	252	240	252	178	1	37	24	44	69	123	126	129	159	167	161	161	144	137	157	145	143	140	137	131	119	102	90	81	81	87	101	113	124	143	161	171	186	183	171	161	139	124	131	106	103	97	79	78	121	160	163	160	129	153	143	129	98	94	100	147	170	190	187	174	170	174	179	181	166	170	178	181	184	196	217	169	174	177	197	216	244	250	252	253	254	254	254	254	254	254	253	254	254	254	254	254
254	255	254	255	244	253	251	250	248	253	220	52	23	24	41	69	116	117	139	155	142	129	135	119	102	117	102	91	77	67	63	61	57	54	49	47	55	71	84	97	122	145	166	186	190	183	177	158	146	154	123	128	140	140	139	151	145	111	122	115	124	92	90	130	159	163	161	179	191	181	171	170	173	173	179	176	167	169	181	185	190	205	190	170	169	199	203	236	248	250	253	253	254	254	254	254	254	254	254	254	254	254	254
254	255	254	254	245	253	245	246	253	253	251	116	22	29	43	74	106	105	143	144	112	93	106	93	70	77	55	47	37	33	35	37	38	36	37	32	39	54	64	76	100	126	159	182	191	188	184	167	156	165	160	142	143	147	133	124	122	114	122	104	125	137	138	155	159	170	173	190	201	197	193	195	191	180	175	182	167	161	183	191	184	187	204	164	160	195	185	220	244	245	252	253	254	254	254	254	254	254	254	254	254	254	254
254	255	254	254	254	253	253	252	253	253	254	231	52	29	21	55	119	111	145	117	63	69	88	61	47	43	48	38	35	33	22	18	24	32	47	39	50	59	56	81	126	151	172	180	191	197	194	182	167	156	145	143	150	158	153	143	147	160	163	167	174	180	185	186	185	184	200	198	196	193	189	184	182	181	185	178	172	172	181	188	189	187	197	172	151	164	193	202	248	238	252	253	254	254	254	254	255	255	254	254	254	254	254
254	255	254	254	254	253	253	253	253	253	251	254	137	2	26	45	113	117	105	82	53	57	62	43	39	46	36	48	38	28	37	42	52	78	76	69	64	55	58	99	144	156	175	183	194	201	198	186	172	161	155	148	151	165	173	174	179	188	170	171	175	178	182	184	186	187	203	202	200	195	192	189	187	184	186	179	173	172	179	185	188	187	198	177	147	169	197	202	244	241	251	252	253	254	254	254	255	255	254	254	254	254	254
254	255	254	254	254	253	253	253	253	253	244	254	219	51	29	27	93	119	79	54	53	55	50	53	65	85	58	92	94	97	124	109	73	71	55	65	78	72	66	87	124	140	178	185	196	201	200	190	177	167	160	149	146	158	174	182	187	191	184	185	186	188	191	194	197	198	208	207	205	201	197	194	192	191	187	180	174	172	177	182	186	187	196	180	134	163	189	194	221	244	250	252	253	254	254	254	254	254	254	254	254	254	254
254	255	254	254	255	253	253	253	254	253	248	245	254	157	5	17	90	118	84	46	53	54	58	92	121	147	170	188	175	140	107	64	36	39	36	27	44	94	137	149	143	138	175	182	192	199	199	190	181	172	167	157	151	152	160	167	173	176	186	189	192	195	199	198	198	198	212	210	208	205	202	198	195	194	187	181	173	169	170	176	182	186	187	182	135	174	200	198	201	242	250	252	253	253	254	254	254	254	254	254	254	254	254
254	255	254	254	255	253	253	253	254	253	250	253	254	214	4	16	94	126	107	54	47	51	76	132	164	182	169	154	117	52	17	40	63	43	57	40	49	99	145	151	137	132	170	177	187	194	195	189	181	175	176	175	172	163	158	161	169	176	175	180	187	195	198	196	193	190	211	210	207	204	201	197	195	193	183	179	171	164	162	167	176	182	179	182	147	187	214	207	196	240	249	251	252	253	254	254	254	254	254	254	254	254	254
254	254	254	254	255	254	253	253	254	253	247	252	244	241	92	17	56	129	136	85	56	65	108	157	169	164	137	35	12	35	21	13	56	104	139	135	126	123	130	132	140	160	169	175	184	191	194	191	185	180	172	180	180	168	159	161	170	174	172	177	185	192	196	198	198	196	207	205	203	200	196	194	190	189	179	175	167	158	154	157	168	177	180	174	139	154	184	189	199	244	249	251	252	253	254	254	254	254	255	254	254	254	254
254	254	254	254	255	254	253	253	253	253	251	245	247	253	204	37	20	114	144	110	68	83	131	147	126	90	23	36	50	35	29	86	153	172	146	128	107	115	143	150	148	157	171	176	185	193	197	194	191	187	172	179	177	166	161	165	165	159	167	167	168	172	179	187	195	200	201	199	197	194	190	188	185	183	175	171	162	151	145	148	160	172	179	164	138	129	163	178	209	245	249	250	252	253	254	254	254	254	255	254	254	254	254
254	255	254	254	255	254	253	254	253	253	253	250	254	250	236	68	21	93	129	115	67	85	129	115	67	19	43	64	82	103	134	156	161	159	109	97	101	140	173	155	138	154	174	179	188	196	201	200	197	194	186	186	180	169	169	173	164	148	149	144	139	139	147	162	179	190	196	196	193	190	187	184	182	180	172	168	159	148	140	143	156	169	170	163	163	154	190	197	223	240	249	250	252	253	254	254	254	254	255	254	254	254	254
254	254	255	255	254	254	254	254	254	254	243	254	255	254	229	174	32	45	132	126	96	83	95	73	35	32	57	82	109	129	148	152	125	92	63	98	140	159	156	150	156	166	166	175	188	197	199	196	192	189	168	186	191	175	171	181	182	169	148	144	145	139	136	118	109	152	183	181	180	182	183	182	177	171	163	149	140	137	134	133	147	168	172	171	162	218	247	243	251	244	252	252	252	253	254	255	253	252	255	255	255	255	255
254	254	254	254	254	254	254	254	254	254	250	253	247	244	253	242	142	32	116	150	100	112	94	50	38	43	93	117	138	140	126	106	86	71	102	127	159	169	163	155	158	165	166	174	186	196	201	200	197	194	191	190	176	160	168	188	187	169	140	140	163	167	175	161	106	90	116	144	168	170	161	160	167	172	157	146	137	135	133	133	147	166	173	167	161	225	249	249	253	246	242	246	251	253	253	254	253	250	252	250	250	253	255
254	254	254	254	254	254	254	254	254	254	248	248	254	247	254	254	243	61	64	137	120	125	90	71	56	84	101	115	127	122	98	80	86	104	144	158	175	177	167	156	153	155	163	170	182	194	203	206	204	201	189	188	177	168	177	192	185	165	163	138	160	152	160	178	146	139	91	92	111	143	160	154	147	146	147	140	134	132	130	132	146	161	176	170	159	216	244	228	228	224	226	222	218	217	221	228	237	242	255	248	242	246	252
254	254	254	254	254	254	254	254	254	254	253	243	254	254	254	248	254	131	24	125	128	125	102	92	98	98	95	89	90	92	89	94	124	159	163	172	180	178	165	150	141	138	161	165	176	191	204	210	210	207	181	187	188	180	182	187	185	174	185	139	165	158	154	172	157	167	122	92	73	88	123	141	136	122	135	132	129	127	127	131	143	154	153	165	153	193	215	219	229	240	252	249	242	233	223	213	207	201	222	220	218	220	227
254	254	254	254	254	254	254	254	254	254	254	242	254	254	251	246	251	205	47	121	124	129	130	94	125	88	114	95	88	103	121	134	152	172	168	176	183	179	164	147	136	133	158	160	169	184	202	211	212	209	192	189	182	173	175	182	182	177	146	119	158	168	167	181	158	155	140	135	103	60	54	86	115	120	120	124	125	123	123	131	141	147	155	178	147	139	121	121	121	136	156	171	196	221	242	253	254	254	230	234	231	213	189
254	254	254	254	254	254	254	254	254	254	254	251	253	254	247	254	246	252	127	72	134	123	142	135	113	120	126	121	126	149	171	178	176	171	175	182	187	178	158	144	141	144	156	156	162	178	197	209	210	206	199	184	171	172	181	180	158	136	85	110	156	163	163	176	163	150	138	142	135	104	62	44	69	103	107	116	121	119	120	130	139	141	141	174	154	157	144	152	148	176	162	143	118	101	105	129	161	181	226	236	251	255	255
254	254	254	254	254	254	254	254	254	254	252	254	254	252	244	254	248	252	210	66	132	124	135	162	117	148	130	147	167	180	189	195	192	186	184	190	187	168	143	134	145	159	154	153	157	172	193	205	206	201	196	181	171	175	178	159	120	88	85	140	169	173	167	158	151	139	142	134	141	149	124	77	56	64	97	110	119	115	118	129	137	136	137	164	165	211	218	216	191	227	243	243	240	229	209	181	155	138	112	124	152	191	229
254	254	254	254	254	254	254	254	254	254	253	254	251	245	247	252	247	237	250	140	104	147	132	126	152	127	141	172	193	186	175	180	191	196	190	193	183	155	126	121	143	168	154	151	154	169	189	203	203	197	199	187	177	169	154	127	95	74	129	157	142	151	168	161	171	175	152	153	147	140	146	138	91	39	92	107	117	115	116	129	136	133	138	148	152	225	233	201	144	177	226	232	241	250	253	254	253	251	243	235	212	178	152
254	254	254	254	254	254	254	254	254	254	254	254	254	253	253	252	252	251	245	235	145	128	143	154	141	145	159	166	175	184	190	192	191	191	203	196	167	137	131	132	135	157	149	144	146	161	185	200	202	198	182	184	171	154	124	80	82	130	149	151	152	173	171	166	175	151	167	146	129	124	137	116	98	30	95	119	110	115	125	124	136	140	140	148	140	166	230	218	161	129	182	173	205	225	246	251	254	254	255	250	246	249	250
254	254	254	254	254	254	254	254	254	254	254	254	254	253	253	252	252	252	244	249	198	141	139	148	159	157	161	168	177	186	192	194	194	192	198	186	157	121	138	129	144	143	142	140	141	153	170	179	175	169	174	169	153	132	106	87	106	148	158	156	168	179	175	175	175	161	137	139	119	120	94	101	83	49	99	122	113	115	123	122	133	135	148	133	147	123	234	222	181	121	130	216	113	176	210	234	242	248	250	252	251	248	244
254	254	254	254	254	254	254	254	254	254	254	254	254	253	253	252	252	252	249	252	243	156	135	147	168	157	165	170	180	189	195	197	196	195	191	175	136	107	144	132	155	125	111	112	119	137	159	172	174	170	168	149	124	92	71	90	136	168	168	164	176	176	169	171	170	166	137	135	123	123	84	85	65	58	103	129	117	114	120	119	128	127	137	126	162	111	195	222	200	138	74	213	217	102	115	155	195	226	255	249	238	235	241
254	254	254	254	254	254	254	254	254	254	254	254	254	253	253	252	252	253	254	252	249	175	132	146	157	145	166	172	181	189	195	197	196	194	184	165	112	107	146	145	162	116	66	67	75	91	113	131	141	143	144	121	99	71	59	101	153	166	171	180	181	184	171	154	151	139	123	102	103	98	94	80	67	63	106	135	121	113	118	116	124	119	126	129	160	149	129	230	217	169	113	135	252	189	119	144	119	150	197	215	234	238	230
254	254	254	254	254	254	254	254	254	254	254	254	254	253	253	252	252	253	254	250	250	210	138	139	136	145	163	169	178	187	192	193	192	190	177	154	90	121	144	159	161	122	84	78	73	73	81	90	96	100	103	87	78	69	76	126	167	163	175	193	175	180	164	125	117	90	72	63	47	43	62	85	90	86	108	138	123	111	114	115	122	113	128	127	146	193	97	225	237	193	143	88	207	253	232	230	245	227	139	132	138	167	205
254	254	254	254	254	254	254	254	254	254	254	254	254	253	253	252	252	253	252	254	251	243	159	131	125	155	157	163	171	180	184	185	184	182	167	135	80	131	141	161	153	134	121	114	103	94	90	87	89	91	88	73	62	65	97	150	185	184	179	180	142	131	122	97	94	79	72	86	21	23	25	101	113	104	107	140	125	108	112	115	121	110	122	122	148	215	117	174	247	222	174	125	159	245	233	215	252	253	249	223	184	149	131
254	254	254	254	254	254	254	254	254	254	254	254	254	253	253	252	252	253	249	254	252	247	190	131	127	145	150	155	164	172	177	177	176	173	157	107	79	132	141	148	142	143	127	125	120	112	104	94	89	86	91	83	72	89	136	173	182	182	165	142	124	103	118	134	120	132	124	120	20	40	60	125	130	108	104	139	125	106	110	116	123	109	112	121	142	211	166	117	239	243	206	155	97	239	243	250	180	233	255	255	255	255	247
254	254	254	254	254	254	254	254	254	254	254	254	254	253	253	252	252	253	249	254	252	239	213	140	132	122	145	151	160	167	172	172	170	167	151	88	82	126	144	134	135	148	148	150	150	143	128	110	96	86	82	91	98	134	187	192	161	148	143	115	142	131	171	211	167	192	156	112	12	59	127	145	147	106	102	139	124	105	109	117	124	109	114	124	114	197	209	100	226	243	222	201	113	179	253	254	204	173	247	250	253	251	247
254	254	254	254	254	254	254	254	254	254	254	254	254	254	254	254	254	254	252	252	240	249	236	164	125	114	121	128	149	151	167	157	161	153	136	58	93	127	120	131	129	138	147	157	150	147	154	139	125	128	125	132	176	179	184	157	128	130	106	156	226	218	178	241	198	215	203	105	18	65	146	171	129	121	106	124	139	101	108	108	104	111	115	118	124	129	236	136	187	254	234	209	148	134	254	250	251	155	185	229	216	229	254
254	254	254	254	254	254	254	254	254	254	254	254	254	254	254	254	254	254	252	252	247	251	241	187	140	123	117	123	135	124	143	143	144	125	117	47	78	109	113	132	123	119	127	148	163	157	147	148	153	159	162	167	166	169	131	123	151	187	185	196	246	240	211	240	225	205	110	42	9	84	161	182	145	137	110	124	139	101	108	109	107	114	116	119	115	124	196	182	146	254	249	223	174	109	241	251	254	205	92	159	213	219	220
254	254	254	254	254	254	254	254	254	254	254	254	254	254	254	254	254	254	252	252	252	251	245	216	160	134	111	99	105	100	129	138	139	127	101	46	72	99	108	129	123	120	121	137	154	155	148	154	140	129	137	129	111	101	93	125	218	237	235	202	229	227	223	208	216	146	39	9	22	123	176	180	144	130	117	127	140	101	108	113	113	117	115	119	103	119	149	229	113	239	254	233	204	99	212	254	254	246	190	122	97	116	155
254	254	254	254	254	254	254	254	254	254	254	254	254	254	254	254	254	254	253	251	253	249	245	236	178	142	142	101	99	98	123	117	112	117	86	49	79	114	122	124	113	118	122	137	134	126	117	115	90	109	77	82	157	172	200	181	243	231	243	223	231	246	239	151	120	21	16	14	65	159	178	172	144	129	125	129	141	105	109	117	120	120	109	112	95	120	127	233	127	196	252	234	219	126	167	254	242	252	224	211	211	212	175
254	254	254	254	254	254	254	254	254	254	254	254	254	254	254	254	254	254	253	250	253	248	246	243	195	157	144	104	103	88	106	104	101	112	80	45	66	111	129	113	87	90	107	127	103	82	81	91	90	178	149	135	232	242	245	201	237	245	240	245	199	173	108	13	12	8	13	35	97	169	169	172	160	151	131	129	144	111	114	123	126	120	101	104	95	124	132	195	180	150	254	244	224	172	122	254	241	251	237	232	231	251	254
254	254	254	254	254	254	254	254	254	254	254	254	254	254	254	254	254	254	253	249	253	250	246	246	218	184	136	123	131	83	85	103	103	105	101	58	41	66	93	90	70	71	83	78	42	48	101	165	159	228	238	213	235	233	233	246	242	236	215	168	64	49	47	29	24	29	30	79	128	163	154	167	160	151	133	129	149	120	122	130	131	117	97	101	101	123	141	154	228	130	251	254	233	205	107	216	253	254	245	216	243	254	243
254	254	254	254	254	254	254	254	254	254	254	254	254	254	254	254	254	253	250	248	249	253	253	249	246	221	199	199	205	120	88	94	86	83	111	97	65	46	60	73	70	70	60	36	17	39	112	229	216	222	233	233	235	241	241	241	181	123	44	47	49	65	50	36	21	34	54	126	160	162	150	170	155	139	133	128	153	129	129	137	134	113	98	105	109	115	139	138	241	146	209	254	252	218	134	156	254	254	254	195	210	232	245
254	254	254	254	254	254	254	254	254	254	254	254	254	254	254	254	254	253	248	247	245	254	254	253	254	249	252	250	247	165	113	99	86	94	92	131	120	77	65	73	73	67	38	30	38	46	70	211	228	217	234	233	225	217	177	83	54	41	69	46	72	72	47	43	29	30	57	146	175	163	160	187	164	143	132	126	154	133	134	140	134	110	101	111	115	107	130	141	234	169	158	242	253	220	171	109	254	248	251	232	224	181	254
254	254	254	254	254	254	254	254	254	254	254	254	254	254	254	254	254	253	252	253	253	254	251	243	253	237	245	247	246	236	151	99	77	85	80	112	151	141	103	97	100	77	52	38	32	49	40	111	215	171	167	134	91	66	18	37	58	72	63	72	71	69	66	42	28	41	114	162	172	152	160	174	159	139	137	155	156	137	128	134	130	116	96	102	105	118	141	152	214	224	116	254	248	236	212	124	206	254	253	245	222	193	251
254	254	254	254	254	254	254	254	254	254	254	254	254	254	254	254	254	253	243	253	254	250	247	252	253	253	254	245	248	248	157	95	101	116	79	91	120	153	150	119	112	133	110	71	44	55	46	52	77	41	7	15	38	69	57	60	58	67	70	89	79	51	53	72	96	116	196	186	159	149	167	171	152	137	141	159	162	144	133	134	126	111	95	100	108	116	150	156	198	232	132	229	244	248	216	157	158	252	249	245	225	205	210
254	254	254	254	254	254	254	254	254	254	254	254	254	254	254	254	254	254	253	254	255	248	254	253	248	249	254	250	236	142	147	189	88	94	95	94	98	136	170	144	117	139	134	156	144	88	43	42	38	12	36	49	60	84	85	78	64	73	70	71	70	82	110	137	165	191	216	180	144	146	174	179	163	153	148	164	170	154	141	134	120	103	94	97	112	112	163	164	175	243	158	180	243	253	226	197	113	228	251	248	232	221	167
254	254	254	254	254	254	254	254	254	254	254	254	254	254	254	254	254	254	255	255	249	254	251	250	254	254	252	232	133	165	227	205	167	87	96	102	89	92	132	156	137	113	121	141	177	152	98	59	31	32	36	55	55	65	89	95	79	78	59	65	86	118	146	170	209	239	190	174	158	158	169	168	156	145	154	169	176	164	146	131	112	95	93	96	115	107	178	175	153	249	186	134	245	253	240	219	118	185	254	254	245	234	159
254	254	254	254	254	254	254	254	254	254	254	254	254	254	254	254	254	255	251	254	248	254	239	244	255	246	207	98	197	247	222	233	186	143	87	87	84	72	87	138	160	134	125	113	162	186	175	146	68	16	56	89	90	73	90	103	99	95	75	93	121	155	194	223	220	196	166	159	160	167	167	159	154	152	160	172	178	168	149	127	106	89	92	96	115	102	191	190	143	246	211	112	238	251	253	223	169	145	253	254	254	241	185
254	254	254	254	254	254	254	254	254	254	254	254	254	254	254	254	254	254	253	254	254	254	249	248	239	170	119	211	250	217	226	190	154	193	126	95	91	91	73	91	137	156	137	116	135	143	161	183	129	55	54	87	104	83	94	116	150	166	150	151	178	219	239	238	206	157	175	149	148	168	170	160	162	168	164	171	176	167	147	122	101	88	92	97	112	98	200	205	144	233	228	122	209	247	254	228	220	134	217	254	254	246	216
254	254	254	254	254	254	254	254	254	254	254	254	254	254	254	254	254	254	253	253	254	253	253	224	160	145	207	251	243	241	179	125	214	179	193	134	98	97	86	69	91	129	168	134	119	137	163	164	158	173	107	115	146	153	163	162	190	199	216	211	228	234	214	190	193	202	186	161	158	168	162	155	156	152	165	168	172	163	144	118	99	89	92	100	108	95	205	218	152	217	239	153	163	251	254	244	240	155	157	250	254	250	229
254	254	254	254	254	254	254	254	254	254	254	254	254	254	254	254	254	254	250	239	254	233	228	179	117	219	252	217	225	191	136	146	203	160	225	164	92	80	100	87	71	91	128	140	113	111	154	159	138	145	180	147	172	203	221	212	227	228	230	223	217	201	183	186	190	171	144	150	165	164	155	164	170	153	166	167	168	160	140	116	97	92	92	102	106	93	207	225	160	205	243	179	128	254	251	254	238	181	108	244	248	253	229
254	254	254	254	254	254	254	254	253	253	254	251	250	254	254	254	246	248	252	240	255	236	180	119	234	254	247	210	191	134	124	216	190	139	215	167	150	124	77	87	82	62	82	139	155	106	115	154	140	137	128	139	149	160	179	203	215	216	198	196	201	207	197	173	155	150	134	150	165	167	158	152	157	165	177	169	165	160	138	109	95	96	94	98	96	78	208	231	170	175	254	212	105	219	254	246	242	216	107	219	254	254	242
254	254	254	254	254	254	254	253	253	253	253	253	254	250	241	242	247	247	240	245	225	176	139	231	240	244	208	178	145	146	206	252	138	131	229	152	164	181	102	86	73	92	75	105	141	139	108	118	150	144	131	131	140	156	165	165	172	182	193	192	190	180	157	134	133	144	141	144	149	153	158	161	163	164	176	170	166	156	132	102	91	95	96	100	96	73	210	233	178	168	254	221	141	180	254	249	244	221	144	185	246	246	254
254	254	254	254	254	254	253	253	253	253	254	243	250	254	246	247	252	242	249	220	169	129	239	250	243	229	204	82	164	236	254	209	96	144	235	146	171	203	118	152	108	81	87	78	105	159	129	89	127	147	137	119	111	129	155	172	180	185	170	161	153	146	135	123	122	131	144	137	133	142	160	171	170	165	176	174	168	151	122	95	87	94	99	99	94	68	214	237	193	159	254	234	191	141	237	252	248	228	185	130	245	244	254
254	254	254	254	254	253	253	253	252	252	254	238	247	254	253	251	254	243	235	139	148	242	253	246	226	149	104	218	254	239	222	170	104	132	233	149	167	195	114	217	156	56	97	90	87	128	147	113	109	125	141	129	113	107	123	145	147	135	130	124	124	133	135	128	126	129	140	134	134	147	166	176	174	166	181	180	170	147	115	92	88	95	99	96	88	67	219	241	211	154	246	245	227	140	189	254	253	234	204	97	235	254	249
254	254	254	254	253	253	253	252	252	252	254	246	250	253	246	246	238	213	159	141	240	254	241	227	156	114	192	245	253	242	190	155	39	155	235	155	166	206	102	206	170	60	94	96	99	93	125	157	134	107	128	140	145	133	121	117	114	107	111	114	123	127	119	111	119	134	134	140	151	165	175	177	173	168	186	183	169	139	110	93	93	96	97	90	76	76	220	243	224	160	227	251	242	176	142	244	254	238	209	123	180	254	251
254	254	253	253	253	253	252	252	251	251	247	248	244	244	252	244	198	148	146	254	254	244	219	180	110	214	254	248	239	191	182	115	42	187	240	177	167	215	96	175	180	61	100	63	95	103	103	153	162	132	124	125	132	141	137	129	131	140	132	124	118	115	108	102	112	128	140	153	172	182	183	178	174	173	187	179	158	126	103	97	95	94	92	83	62	92	219	244	234	174	197	252	244	216	130	208	254	244	219	184	117	250	254
254	254	253	253	253	252	252	251	251	251	239	244	237	241	244	207	166	163	237	254	251	223	184	120	217	254	252	244	225	212	123	54	199	193	238	194	158	219	113	166	208	67	108	53	72	109	102	127	164	163	139	119	106	112	122	124	124	127	134	122	116	121	125	126	131	140	161	171	184	190	188	182	178	176	183	171	142	110	96	96	94	86	86	76	47	110	217	244	238	190	165	252	246	236	158	155	254	251	238	225	114	211	254
254	254	253	253	252	252	252	251	251	251	241	246	241	239	209	141	157	254	254	235	230	212	107	192	254	231	254	238	198	156	89	210	234	189	232	190	143	235	139	157	225	95	102	86	61	82	105	124	161	160	143	140	128	119	122	130	127	115	100	109	128	146	151	150	159	174	180	183	188	191	190	186	182	179	179	162	130	99	89	95	92	81	83	72	38	121	215	244	241	201	144	252	250	238	190	116	254	254	254	232	152	175	248
254	254	254	248	254	250	254	245	236	233	233	232	238	212	140	170	254	253	241	213	191	100	203	254	254	251	220	201	191	78	208	254	215	192	226	218	126	225	157	129	216	140	95	108	66	44	90	107	120	168	155	145	141	141	134	125	132	146	141	149	162	174	183	187	187	186	178	182	189	192	192	188	182	179	173	137	106	100	101	93	83	79	88	70	44	111	221	237	249	215	132	223	250	237	188	112	254	245	254	232	199	111	238
254	254	239	254	251	254	233	233	238	228	237	254	227	132	166	254	238	238	221	212	107	206	254	246	250	242	214	196	103	178	254	236	233	202	221	227	131	223	177	118	213	163	68	104	86	38	48	93	107	143	164	156	153	154	147	140	147	160	155	161	170	179	184	186	184	182	188	186	183	181	178	173	164	158	151	125	101	96	96	88	79	77	82	64	46	112	217	240	252	220	157	186	254	236	214	113	228	254	254	229	220	120	204
254	254	254	232	245	250	222	238	226	250	247	229	110	172	254	248	254	209	204	114	193	254	233	249	233	233	202	86	163	222	194	240	252	187	214	238	142	217	207	106	207	200	51	105	115	51	13	66	87	110	161	159	163	166	163	158	161	170	172	175	180	185	185	183	180	177	195	188	180	174	171	164	154	144	121	107	96	93	91	83	76	75	73	55	49	113	208	242	253	228	188	145	254	248	233	137	168	254	253	236	234	153	150
251	251	254	240	222	237	241	220	254	242	207	115	189	254	254	253	207	211	127	178	254	251	254	236	211	193	125	190	187	135	208	226	223	199	204	248	160	205	234	105	194	230	71	111	130	95	11	29	61	82	136	146	161	172	172	167	165	167	179	181	184	185	185	182	179	177	181	173	167	165	162	154	139	126	95	94	95	93	89	81	76	75	63	45	54	117	196	245	253	235	208	125	243	254	233	181	120	249	254	251	235	202	113
249	248	254	228	251	217	232	254	234	196	141	175	254	254	229	232	205	145	139	254	242	254	251	239	201	147	175	254	177	123	192	221	254	190	193	249	180	184	248	123	173	243	117	111	128	145	46	7	31	55	102	122	149	168	175	172	166	161	174	175	177	179	179	179	177	176	163	161	156	154	146	131	112	97	84	90	96	93	88	82	77	74	55	36	63	121	183	247	253	240	217	122	226	254	237	214	117	212	254	254	240	230	127
247	246	237	243	208	240	250	242	201	139	195	241	252	226	237	203	133	153	223	254	254	243	220	209	146	203	244	248	227	88	180	230	247	192	184	245	204	160	246	158	151	237	166	102	127	173	101	13	14	28	71	96	128	148	162	169	167	161	165	165	166	167	169	169	170	170	167	167	161	150	132	112	95	84	83	90	95	90	85	82	75	66	50	29	70	125	170	247	253	244	220	133	202	248	250	226	152	164	252	251	254	229	170
245	244	233	219	221	248	242	208	149	179	247	252	239	225	209	137	124	240	254	235	254	246	190	130	173	212	240	247	252	83	179	195	254	178	176	237	222	137	235	196	129	219	206	99	145	181	154	68	19	15	43	68	95	113	131	151	162	160	158	157	156	156	156	156	156	157	162	162	153	133	109	91	85	86	86	91	91	82	79	79	69	55	49	26	77	128	159	247	253	244	219	152	161	251	253	232	190	124	229	245	254	226	197
244	243	196	235	254	245	217	139	164	248	241	254	234	213	145	134	234	249	244	254	225	200	230	154	128	188	234	235	249	128	161	201	245	178	173	231	235	124	226	221	116	205	229	99	169	180	187	124	34	12	24	47	68	82	103	133	154	158	156	155	152	150	148	147	146	146	137	137	127	103	77	65	72	84	89	92	88	77	74	77	65	48	49	26	83	130	154	246	254	243	216	169	122	254	246	239	209	104	207	246	254	231	198
251	191	233	254	245	218	119	179	233	247	254	224	206	155	131	250	242	245	254	218	220	239	250	224	91	200	219	236	234	179	122	213	241	175	150	224	253	145	199	242	103	199	246	142	139	188	216	173	83	43	3	15	45	78	64	84	99	102	118	117	117	115	114	114	116	116	100	93	82	73	72	77	85	91	79	81	83	83	78	70	60	54	45	21	114	160	120	243	251	250	224	183	107	237	254	239	211	160	171	251	238	247	229
230	232	252	236	215	156	159	243	254	242	246	219	174	95	225	250	251	250	182	194	211	244	254	242	117	172	204	245	238	208	114	187	243	178	134	225	254	164	183	245	121	185	252	179	121	181	219	204	144	79	31	8	33	51	68	85	72	91	84	84	83	82	82	82	83	84	89	84	76	70	69	73	79	83	79	81	83	82	76	67	57	52	37	36	143	163	108	253	253	254	224	209	110	216	246	249	232	221	140	232	252	249	230
217	252	254	214	155	147	246	253	254	241	228	202	110	208	240	254	239	232	122	173	212	245	250	254	160	140	208	231	239	245	148	127	216	197	111	224	252	194	156	247	151	163	251	222	108	181	224	235	198	108	81	17	21	25	53	84	65	71	68	69	70	70	71	71	71	72	73	71	69	67	67	70	73	75	80	81	81	77	71	62	52	48	34	32	157	181	94	238	253	244	217	219	132	191	251	253	241	226	128	201	243	203	156
